wavelength,Back_ConTamf,Belly_ConTamf,Breast_ConTamf,Crissum_ConTamf,Crown_ConTamf,DorTail_ConTamf,Patch10_ConTamf,Rump_ConTamf,Throat_ConTamf,WingTip_ConTamf
178.40,0.0,0.0,0.0,0.0,0.0,0.0,0.0,0.0,0.0,0.0
178.78,-172.083333333,-74.9999999999,-79.1666666666,-62.5,-250.0,-225.0,-304.166666667,-16.6666666668,-66.6666666667,-133.333333333
179.16,44.166675,40.9091666667,24.5791944445,78.03025,15.1515833333,28.7879166667,18.18175,57.5758333333,39.3939166667,32.5758333333
179.54,41.0186833333,47.6851666666,39.609074074,43.0555833333,44.9074166667,49.074,36.1110833334,55.5555,38.426,49.0741666667
179.93,57.5000166667,70.83325,77.4689907408,62.5,47.2222499999,80.5556666666,74.9999166667,106.944416667,48.6110833333,52.77775
180.31,0.902841666675,12.9629166667,4.12809259258,19.6759166667,-3.00933333332,-9.83783333333,-6.36566666667,39.2360833333,-2.08333333332,-12.9628333333
180.69,-3.706825,5.26808333333,0.0638981481575,13.1225,-8.90808333333,-13.4100833333,-13.1225,31.89675,-8.23758333333,-16.475
181.07,-2.0789,5.24050000001,-0.0764166666675,14.17525,-0.687166666675,-7.56016666668,-8.41925,30.92775,-9.53608333332,-14.0035
181.45,-3.55277499999,4.03508333333,0.08786111111,10.7018333333,1.40333333332,-9.47366666667,-7.45599999999,32.3685,-13.5965,-14.3858333333
181.83,-17.0166416667,-12.34575,-17.5240648148,-2.05749999999,-14.7119166667,-29.321,-21.60475,21.3991666667,-31.893,-33.2305
182.21,-22.4573083333,-18.483,-24.9881203703,-6.19666666669,-19.5514166667,-42.0939999999,-30.342,19.4444166667,-34.6153333332,-36.0044166667
182.59,-16.775775,-12.8968333333,-18.2431111111,-0.99208333334,-14.4840833333,-36.8055833333,-25.496,22.123,-24.00775,-25.9919166667
182.97,-15.46875,-14.1666666666,-17.5462962963,1.45833333332,-13.9583333333,-38.6458333333,-26.3541666666,21.7708333334,-26.5625,-27.2916666666
183.35,-0.045725,-0.915750000008,-4.62966666665,14.8351666667,4.8535,-21.2453333333,-11.1720833333,34.4323333333,-14.6519166667,-9.52375000001
183.73,-14.4583333333,-11.9791666667,-16.9560185185,10.4166666666,-0.729166666675,-34.375,-23.125,29.1666666667,-27.1875,-18.6458333333
184.11,-25.8592333333,-23.1769166667,-24.1462685185,8.98450000001,-5.72891666667,-45.18225,-34.8956666667,31.5105833333,-44.4008333333,-20.1821666667
184.49,-39.9666666666,-27.5,-26.8148148148,7.5,-9.49999999992,-54.9999999999,-46.6666666666,34.3333333333,-55.8333333334,-22.1666666667
184.87,-29.3605,-11.2400833333,-15.7837407408,29.8447499999,17.2481666668,-45.9303333334,-36.4341666667,62.20925,-43.9923333333,1.7441666667
185.25,-45.7207083334,-21.6216666668,-36.1860833333,21.6215833333,2.70275,-71.3963333334,-57.20725,59.0089999999,-57.4324166667,-6.98183333334
185.63,-54.3467916666,-27.0269999999,-47.9979722222,15.5404166667,-11.0360833334,-75.4505833332,-74.5495833332,48.6485,-65.5403333333,-27.027
186.01,-43.046875,0.260416666575,-18.6921296297,52.6041666667,25.2604166666,-50.2604166668,-60.4166666668,96.3541666668,-44.2708333333,-3.125
186.39,-34.3888083333,20.0000000001,-9.56783333333,73.3335,40.0001666667,-24.4444999999,-56.6665833333,114.4445,-44.7221666667,-1.66666666667
186.77,-52.1296083333,36.5740833334,-9.4136111111,126.851666666,78.2407500003,-18.5185833334,-97.6851666667,213.425916667,-81.9443333334,10.6482500001
187.15,-1624.16666667,341.666666668,-631.48148148,1600.0,1141.66666667,-1000.0,-2683.33333333,3433.33333333,-2258.33333333,-325.000000002
187.53,167.500091667,-16.6665833332,56.2500555555,-117.361083333,-113.194416667,115.972333333,276.388916667,-259.027666667,186.8055,69.4443333334
187.91,36.1110333333,872.222249999,482.407435185,1094.44441667,1161.11108334,294.444333333,-474.999916666,1597.22225,-61.1110833333,333.33325
188.29,48.3333333325,2300.0,1346.2962963,2941.66666667,3341.66666666,633.333333332,-1791.66666667,4525.0,-416.666666666,541.666666668
188.67,210.3125,406.25,323.726851852,525.0,593.749999999,235.416666667,-69.7916666667,755.208333333,83.3333333333,215.625
189.05,-675.555458333,-1083.33333333,-972.839592593,-1347.22216667,-1622.22241667,-722.222249999,113.888999998,-1977.77775,-244.444500001,-583.33325
189.43,-248.4524,-297.023833333,-302.314925926,-333.928666667,-426.1905,-251.190583333,-50.0000000001,-484.523916666,-132.142916667,-187.500083333
189.81,-110.134433333,-128.7635,-147.072962963,-141.128833333,-199.731166667,-105.914083333,-19.8925,-206.98925,-65.3225000002,-84.6775833332
190.19,-82.4999000002,-81.5892499999,-96.2102777779,-83.5271666666,-137.403166667,-61.6278333333,1.55033333325,-133.1395,-36.8215833334,-55.0388333333
190.57,-59.6199833333,-48.3919166667,-67.3651111111,-51.9006666666,-98.2456666667,-34.3569166667,7.01741666667,-87.8655833333,-15.4969166667,-34.0643333333
190.95,-44.5835166667,-29.5045833334,-48.973962963,-34.0090833333,-70.7206666667,-20.1578333333,7.99558333332,-59.4594166667,-5.06749999997,-19.2569166667
191.33,-50.1749166666,-26.2345,-47.6566944444,-33.5390833333,-61.41975,-25.3086666666,2.77791666667,-53.7038333333,-9.97941666665,-23.3538333333
191.71,-57.2619833334,-27.48,-49.3718425926,-35.8135,-61.1113333333,-33.5316666667,-7.73816666665,-53.4723333333,-13.3928333333,-26.2895833333
192.09,-32.1503583333,-2.45541666667,-22.9414351852,-12.0534166666,-32.21725,-11.3094166667,9.15183333333,-24.7023333333,3.869,-6.77091666666
192.47,-42.1312,-11.6518333333,-29.0560833333,-23.0826666666,-41.0029166667,-23.3776666667,-1.10608333333,-32.0059166667,-9.4395,-15.6341666666
192.85,-34.2990083333,-7.60591666668,-20.0765092593,-18.5185,-33.79625,-22.75125,-0.79375,-25.463,-6.15075,-11.83875
193.23,-26.4743833333,-2.1795,-12.4145462963,-11.34625,-26.218,-16.0256666667,3.91033333333,-18.5256666667,-0.769166666667,-3.39749999999
193.61,-27.189175,-4.69575,-16.3653888889,-14.8148333333,-28.70375,-18.7829166667,1.19058333335,-20.635,-2.57949999997,-4.49733333332
193.99,-27.3907583333,-7.05591666667,-15.592,-15.6325833333,-29.1360833333,-20.7420833333,-2.798,-21.4109166666,-3.64958333335,-8.39425
194.37,-21.3321,-2.93408333336,-12.3825462963,-11.385,-24.7653333333,-17.0775,-0.176083333325,-13.08675,0.175916666675,-1.29108333333
194.75,-34.5328666667,-14.3309166667,-25.0840925926,-23.67425,-38.3206666666,-32.702,-9.59608333333,-22.3486666667,-14.2045833333,-15.6565833333
195.13,-49.7273333333,-28.1060833333,-40.5977037037,-36.6668333333,-59.92425,-52.3485833333,-21.8181666667,-34.9241666667,-28.63625,-28.2575
195.51,-58.7018083333,-40.7018333333,-56.0819166667,-46.4913333332,-82.1053333333,-69.9999999999,-31.9298333333,-44.6490833333,-44.0351666667,-40.87725
195.89,-47.941175,-32.92475,-47.3583055556,-32.353,-69.281,-58.0881666667,-16.9118333333,-33.3333333333,-38.3170833333,-34.5588333333
196.27,-41.641175,-26.5306666667,-37.9439907407,-23.9794166667,-61.90475,-49.8300833333,-6.46258333333,-23.12925,-31.71775,-23.55425
196.65,-29.2869583333,-17.1170833333,-26.6431944444,-8.85883333332,-46.39625,-33.4834166667,5.33041666668,-12.6875833334,-20.4955,-13.9640833333
197.03,-36.7824833333,-23.9969166667,-35.519537037,-11.0339166667,-52.0060833333,-36.574,1.77474999998,-16.5123333333,-30.24675,-17.9783333333
197.40,-34.950975,-23.2493333333,-30.4932685185,-10.7843333333,-47.8990833333,-32.4229166667,0.77033333335,-13.2353333333,-26.8205833334,-15.2660833333
197.78,-15.0875083334,-4.07916666668,-11.2017314815,5.94391666668,-28.2633333333,-10.95575,11.9463333333,2.73875,-9.67366666668,-2.62250000002
198.16,-14.791675,-3.12508333331,-8.97337962963,9.86516666667,-26.9606666667,-10.78425,14.76725,7.47558333332,-8.51716666667,-2.20583333332
198.54,-13.29585,-2.31825,-6.14025925925,12.5939166667,-24.7493333333,-9.89975,15.4135,9.96224999999,-6.01499999999,-1.06516666665
198.92,-2.1163,8.77183333333,5.98200925925,22.0943333333,-10.69075,3.23466666667,21.16225,20.06575,2.90566666666,11.6229166667
199.30,3.45294166667,14.2725833333,13.2033333333,24.2173333333,-0.460499999993,9.89858333335,24.033,23.15825,7.96491666668,15.2854166666
199.68,3.10489166667,16.2014166667,15.7923611111,24.577,1.31133333333,12.9020833333,23.3504166667,22.6311666666,10.1523333333,17.3433333333
200.06,4.09130833334,18.7604166667,18.9791296296,25.5025,3.64316666667,14.1124166667,23.032,25.3769166667,12.5628333333,19.8493333333
200.44,3.07596666667,17.6470833333,15.2232314815,24.7958333333,2.45108333334,11.23375,19.8120833333,23.6929166667,9.27291666668,17.8920833334
200.82,5.07448333333,21.65875,18.8636111111,25.6681666667,6.05341666664,13.7186666667,19.22175,26.7689166667,13.0896666667,19.92925
201.19,7.71395833333,25.2675833334,23.6366203704,28.5550833334,10.5505,18.2339166667,22.2476666667,31.2309166666,17.7370833333,23.12675
201.57,4.94491666667,24.8428333333,21.4448240741,25.7466666667,6.83974999998,15.6840833333,20.401,30.3459166667,15.291,19.2610833333
201.95,0.16565,21.20425,18.8046666667,23.1675,0.218083333325,10.7330833333,16.8849166667,29.712,10.8638333333,17.2338333333
202.33,5.61327500001,25.6768333333,23.0822685185,28.7225,3.51083333333,16.7089166666,22.5465,34.7715,14.594,23.6885833333
202.71,-3.25222499999,20.4954166667,16.6566759259,23.0630833333,-4.18924999999,9.14408333332,16.4865,28.6035833333,6.17108333334,15.8559166666
203.09,1.54156666667,24.1666666666,21.419787037,27.9165833333,-2.22225,10.8334166667,20.87975,32.2686666667,11.8519166667,19.2594166667
203.47,3.39440833333,28.20125,25.0113333333,33.0284166667,-0.355833333332,12.3983333333,23.2215833333,40.4470833334,16.2601666667,23.4755833333
203.85,3.428275,27.7425833334,26.1193333333,33.9134166667,0.421916666668,11.70875,24.68375,44.83125,15.40075,21.8880833333
204.22,1.82880833334,27.7964166667,23.8440092593,32.3825833333,-2.68441666667,10.3466666667,23.21025,44.5190833333,14.5414166667,19.1835
204.60,0.243425,28.163,23.9321481481,31.0218333333,-5.53533333333,10.4623333333,22.5061666667,46.2894166666,14.72025,17.6400833333
204.98,-1.00945833333,26.6938333333,20.1444259259,32.859,-10.90775,8.26558333333,20.393,50.74525,13.0081666667,15.8536666666
205.36,-5.11446666665,23.5475,15.0187222222,29.2048333333,-17.2783333333,3.36391666668,17.89,51.6055833333,10.01525,10.3210833333
205.74,0.344516666668,25.561,19.3998703704,37.6604166667,-10.6570833333,4.56716666665,20.8333333333,59.61525,14.5834166667,16.5063333333
206.12,-3.341125,24.4599166667,18.43275,35.03075,-7.02175,3.78083333332,19.3671666667,58.4103333334,12.7314166667,14.1204166667
206.50,-16.0677916667,21.96175,9.7126111111,25.1735833333,-11.6319166667,-7.2916666667,7.63883333333,56.2499166667,5.64233333333,2.95141666665
206.87,-3.284825,28.72175,19.2645555556,29.6925,-0.889833333325,2.1845,15.1295,61.7314166667,14.07775,10.6795833333
207.25,-25.9044166667,10.67075,-2.5632314815,13.2115,-21.0365833334,-18.0894166667,-9.55283333335,55.08125,-3.55691666665,-7.62208333332
207.63,-29.945925,7.50066675437e-12,-7.9364814815,7.57574999998,-28.7879166667,-23.2683333334,-17.9653333333,53.1384166667,-11.0389166667,-12.7705
208.01,-29.5888416667,5.44450000001,-0.308564814825,8.99999999999,-20.8889166667,-18.66675,-16.1110833333,63.3333333333,-2.99999999997,-7.77775
208.39,-24.8170833333,1.52441666667,5.44260185187,10.97575,-11.0771666667,-12.3983333333,-14.7358333333,63.6179166667,-2.13425,-4.87808333336
208.77,-37.1211583333,-13.41975,0.0240740740675,6.06058333332,-18.9394166667,-19.6969166667,-24.5670833333,65.04325,-10.93075,-16.342
209.14,-54.3718416667,-32.1795,-5.74081481483,-5.76933333333,-35.7690833334,-38.07675,-37.8206666667,63.4615,-34.8716666667,-28.718
209.52,-27.6863833333,-14.693,13.7059722222,15.1316666667,-15.7895,-21.9299166667,-19.079,72.807,-20.5044166667,-10.08775
209.90,-27.367775,-13.1099166666,11.5740555556,13.71925,-14.0243333334,-14.4309166667,-14.3291666666,71.8495833333,-23.7805,-13.0080833333
210.28,-19.4688,-7.69233333335,11.6401944444,19.3224166667,-6.50183333333,-7.23449999999,-6.95975000003,68.8645833333,-17.5824166667,-8.97425000003
210.66,-25.8623083333,-16.5709166667,6.06637962963,12.4520833333,-17.1455833333,-11.8774166667,-13.5059166667,63.9846666667,-27.2988333333,-13.31425
211.03,-23.8371833333,-19.0891666667,3.60693518517,15.2134166667,-16.376,-10.36825,-13.566,63.66275,-26.6474166667,-14.6318333334
211.41,-9.66861666667,-4.67683333333,18.6790833333,25.0,-3.40141666668,2.38099999998,5.10208333332,71.68375,-14.6259166667,-0.255166666667
211.79,-8.79999999998,-2.41666666665,19.2037037037,25.0833333333,-2.66666666668,2.66666666665,10.6666666667,69.4166666667,-16.25,-1.08333333332
212.17,-1.96345,-0.847499999985,17.8123333333,26.9773333334,1.13,5.57916666668,13.065,58.89825,-13.6299166667,3.10733333332
212.55,7.60981666667,8.97925000001,22.3728796296,33.3333333333,7.36425,14.9225,19.3798333333,59.6899166667,-6.33074999999,9.04374999999
212.92,20.1380166666,22.9028333333,30.3165092593,38.9625833333,18.15675,25.4966666667,28.8079166667,58.223,6.73300000001,17.3290833333
213.30,19.0289416666,23.32125,29.6096018518,39.9880833333,18.40525,27.8775833333,28.1775833333,59.892,8.33333333332,15.8874166667
213.68,12.9769916667,19.0189166667,20.7735555556,32.4598333333,9.40866666667,25.6049166667,23.3198333333,55.5108333333,0.403166666675,7.05649999999
214.06,18.0767416667,23.0055833333,24.2719351852,35.114,12.1083333333,26.3531666667,25.7121666667,59.9714166667,4.91458333332,9.33033333333
214.44,15.8333833333,18.4919166667,25.6349259259,29.9999166667,9.20641666668,22.7778333334,22.77775,59.6030833333,2.38091666667,3.73033333332
214.81,13.8333083333,19.52375,26.2963703704,31.34925,12.2221666667,19.0475,21.2698333333,58.6508333333,2.22233333335,0.238249999993
215.19,5.75164166667,13.1536666667,21.3327037037,26.6339166667,9.232,14.29725,17.4019166667,56.5358333333,-5.96400000002,-4.73866666668
215.57,6.35032500001,16.2036666667,19.0243888889,26.5431666667,11.3426666667,15.1235,16.8209166667,53.0093333333,-4.01241666668,-6.55858333333
215.95,8.34103333333,22.76225,21.8021111111,31.86725,16.2036666667,17.747,17.2840833334,57.2530833333,2.08341666667,-5.24683333333
216.32,4.13694166667,21.8253333333,21.0537777778,27.1824166667,14.7816666667,11.8055833334,9.8215,66.2698333334,-6.84541666665,-14.385
216.70,-11.6550083333,2.81691666667,6.78132407408,13.38025,-0.8215,-10.4460833333,-7.15975000001,60.9153333333,-24.4130833333,-32.2769166666
217.08,-41.2746166667,-26.14375,-14.8872777778,-10.6209166667,-24.183,-49.1830833334,-41.0129166667,55.8823333334,-65.5228333334,-67.15675
217.46,-6.90053333332,3.35366666666,10.7836481482,10.26425,2.94708333333,-11.1788333333,-4.47158333334,56.809,-23.7803333333,-24.2885833333
217.83,5.313625,13.8888333333,25.52775,23.3871666667,16.3978333333,1.34408333336,10.3046666667,64.1578333333,-8.69191666666,-4.39075
218.21,-0.289375,8.50874999998,20.5070185185,18.33325,14.6491666667,1.31583333334,4.386,55.7896666667,-15.351,-7.10516666668
218.59,-5.90206666665,6.27441666667,15.4465740741,13.5294166667,13.4314166667,-7.64708333333,-0.98041666665,56.3725,-19.50975,-8.43141666667
218.97,-17.37945,-9.97808333331,2.86312962964,3.28933333331,2.85091666666,-19.5175833334,-11.9518333333,50.9868333333,-31.79825,-22.478
219.34,-17.3401416667,-10.2740833333,4.29982407407,-1.02750000002,-0.684833333342,-18.3789166667,-14.0410833333,51.3699166666,-33.6758333333,-24.4290833333
219.72,-30.2778916667,-23.1885833333,-8.05140740741,-12.5604166667,-7.00483333332,-25.72475,-27.4155833333,43.9614166667,-40.8210833333,-39.0095833332
220.10,-56.369975,-50.8475,-37.6805740741,-38.70075,-26.5536666667,-51.4126666666,-54.23725,28.1075,-67.6552500001,-62.0056666667
220.47,-62.6480083333,-57.66125,-51.0752037037,-41.9355833333,-38.8440833333,-51.7474166667,-60.3494166667,15.0538333333,-68.0106666666,-68.1451666666
220.85,-67.3958833333,-54.9106666667,-53.4226018519,-48.51175,-37.2025,-50.5955,-61.16075,22.61925,-73.6608333333,-76.9344166667
221.23,-59.985725,-43.8218333333,-47.3339722222,-34.9138333333,-27.1551666667,-41.092,-49.138,32.1838333333,-59.05175,-62.4999999999
221.61,-89.9659583334,-64.7958333333,-72.2977407409,-56.8026666668,-36.7346666667,-68.0270833334,-75.6800833332,20.74825,-78.4013333332,-85.37425
221.98,-145.109683333,-100.658,-128.923,-108.114,-70.1755833333,-116.666833333,-129.60525,2.85083333335,-117.3245,-136.841916667
222.36,-133.585375,-88.1784166667,-116.429916667,-104.06975,-71.8992500001,-116.472916667,-117.05425,-3.68225000001,-107.752,-124.41875
222.74,-111.265383333,-73.1480833333,-97.6852870369,-91.9752500001,-66.3580000002,-93.20975,-93.9814999999,-8.34314361304e-13,-102.006166667,-106.018583333
223.11,-80.4101,-48.9418333333,-75.3821574073,-74.7353333333,-49.3386666667,-69.84125,-73.6772500001,8.73016666668,-78.8359166666,-74.0741666666
223.49,-69.2995416667,-34.0580833333,-63.0300462963,-60.2657499999,-39.7341666667,-59.2995,-63.2850833333,9.66183333333,-63.768,-60.8696666667
223.87,-77.1297583333,-35.0528333333,-68.5919444443,-67.7249166667,-47.6191666667,-71.0316666667,-73.8095833333,6.34916666668,-72.4869166667,-62.3016666667
224.24,-62.899025,-18.6620833333,-48.8394259259,-50.4694166667,-38.2628333333,-55.9858333333,-59.507,11.5023333333,-56.8075833334,-47.6524166666
224.62,-53.8542,-2.89366666666,-35.2751296296,-40.1620833334,-27.5464166667,-48.95825,-49.6528333333,15.5091666667,-44.9074166667,-37.61575
225.00,-44.5643916667,-0.283999999983,-27.5568703704,-31.4394166667,-21.1173333333,-37.0265,-40.53025,8.80691666668,-34.75375,-26.0416666667
225.38,-43.58685,-7.49977857595e-12,-27.1236388889,-33.3333333333,-23.0979166667,-36.413,-42.39125,4.07616666666,-32.971,-25.2715833333
225.75,-36.879275,1.70075,-26.4645092593,-29.1665833333,-23.7244166667,-33.5035,-38.9455,2.04083333332,-28.14625,-22.1939166667
226.13,-25.036425,2.02908333336,-16.9325092593,-16.3043333334,-15.5071666667,-23.6231666667,-28.8405,1.01450000001,-23.2609166667,-13.3334166667
226.51,-15.6084166667,5.62158333332,-10.4864444444,-7.93658333332,-9.58975,-16.5343333333,-22.1559166667,5.15883333333,-14.8809166666,-7.67191666669
226.88,-11.6230666667,9.82583333333,-5.32745370371,-0.559666666675,-4.78858333333,-10.8829166667,-17.7858333333,6.90291666667,-6.96508333334,-4.04233333332
227.26,-6.809125,12.711,0.94937962963,4.53583333332,0.791083333325,-3.7975,-9.70458333332,9.70475000001,-1.63508333334,-0.21100000001
227.64,-8.8115,6.34458333333,-3.79310185186,-1.46775,-3.07766666667,-7.14966666668,-11.0795833333,5.53983333333,-5.44500000001,-2.65150000001
228.01,-2.73515833333,6.10050000001,1.05448148147,1.11641666668,0.598,-1.15616666667,-3.86758333333,7.45616666666,-2.95058333334,1.874
228.39,0.872783333332,3.95091666667,2.49437037036,0.143833333333,2.29875,0.323416666668,-2.58616666667,7.57908333335,-2.87358333333,2.01149999999
228.76,0.92665,2.09133333332,0.407648148157,-1.99483333334,1.76958333333,0.193083333332,-1.60866666667,6.49925000001,-4.72958333335,1.31916666666
229.14,-1.14678333333,-0.375999999999,-2.11285185186,-4.32341666666,-0.814583333335,-2.69425000001,-4.16675,4.32333333334,-7.17416666666,-1.84825000001
229.52,-0.904074999998,-0.824333333335,-2.29012962962,-4.74074999999,-1.56075,-2.12016666667,-4.26983333333,4.06358333332,-6.89041666667,-3.41566666667
229.89,-3.82529166667,-4.80316666666,-4.60068518517,-8.18883333333,-3.50116666666,-4.10891666668,-5.84491666667,1.93866666667,-10.0694166667,-6.33683333333
230.27,-9.07439166667,-8.39108333334,-8.83637962964,-13.8984166667,-8.41983333333,-7.95850000001,-9.65975000001,-1.67249999999,-13.6388333333,-12.255
230.65,-10.3584416667,-8.61791666668,-9.65432407407,-14.7895,-8.95916666668,-7.42300000001,-9.75550000001,-2.36066666666,-14.5335833333,-11.54725
231.02,-6.34430833334,-5.76525,-6.40007407407,-11.00625,-4.66458333334,-3.32808333332,-5.03133333333,0.995916666665,-9.98425,-6.28924999998
231.40,-5.51890833333,-4.76558333333,-5.92152777777,-9.58091666667,-3.61775,-2.69458333334,-3.41816666666,2.09566666667,-8.78249999998,-5.36424999999
231.78,-5.454725,-3.933,-5.0611574074,-8.94783333333,-3.294,-2.40908333333,-3.49075,2.77783333334,-7.42400000001,-4.81808333333
232.15,-6.42959166666,-3.56791666667,-5.55008333333,-8.38308333333,-4.09166666667,-3.01899999999,-4.89033333333,2.27050000001,-7.53475000001,-5.18966666667
232.53,-7.0461,-2.6785,-6.38519444445,-7.39083333333,-4.489,-2.65383333334,-4.24108333333,1.41375,-7.53974999999,-4.365
232.90,-6.95855,-3.46808333333,-5.57207407408,-6.43716666667,-4.96499999999,-2.99408333334,-4.59075,1.07291666667,-6.961,-4.26625
233.28,-4.470175,-1.69166666667,-2.05633333333,-3.03475000001,-2.76108333333,-0.472583333335,-0.820833333332,3.43266666667,-3.53233333332,-0.522416666667
233.66,-4.61500833333,-2.20441666667,-2.40366666667,-3.00383333333,-2.56783333333,-1.04175,-1.3325,3.343,-4.89349999999,0.0241666666657
234.03,-2.06761666667,1.1485,0.940935185185,0.630583333332,-0.382916666666,1.14858333333,0.427916666667,5.27025,-2.22958333333,2.59
234.41,-0.991341666667,3.11691666666,1.92628703704,2.22949999999,0.865749999998,2.1645,1.32033333333,7.07783333334,-1.47183333333,4.22075
234.78,-0.423175,3.19008333333,1.84462962963,2.21358333333,1.08508333334,1.5625,1.30191666667,5.81608333334,-2.257,3.23358333333
235.16,-1.13635833333,2.749,1.33711111111,0.887500000001,-0.757666666668,1.21208333333,-0.757583333334,3.8745,-4.06925,1.64491666667
235.54,-0.428716666666,2.711,2.08887037037,1.59991666667,-1.77783333333,2.64441666667,-1.7555,4.02216666667,-3.80008333333,1.80008333334
235.91,1.39108333333,4.26508333334,3.29776851852,3.56516666666,-0.656166666664,3.87141666667,-0.524916666665,4.35258333333,-2.95266666667,2.86533333333
236.29,1.33735,3.81141666667,1.64125,2.17483333333,-1.31358333333,3.66058333333,-0.904416666665,3.919,-3.12233333334,2.30433333333
236.66,1.486875,4.00425,2.03461111111,1.70991666667,-1.19041666667,3.74466666667,-0.606,4.41575000001,-2.09966666667,2.07791666667
237.04,0.318683333333,3.83283333333,0.780018518517,0.323000000001,-1.42116666667,3.40216666667,-1.50741666667,4.58675,-2.11025,0.731999999998
237.41,-0.134108333335,2.84758333333,-0.714064814818,-1.23541666667,-1.82166666667,2.8475,-2.47075,4.12483333334,-2.5965,0.00016666666575
237.79,-0.0102166666675,2.37508333333,0.0199814814825,-0.946000000002,-1.18758333333,2.87825,-0.885750000002,4.60958333333,-1.34858333333,0.805166666666
238.17,-0.1811,1.02658333334,-1.37784259259,-2.03308333333,-2.01283333334,1.75116666667,-1.59008333333,4.79066666667,-2.496,-0.181083333335
238.54,2.8702,2.16391666667,1.16002777778,0.797333333334,1.29066666667,4.11925,1.44258333333,6.77666666666,1.02516666667,2.48666666667
238.92,1.46321666667,1.06158333333,0.393314814815,0.743249999999,0.937583333332,4.08708333333,1.07925,7.50174999999,1.68091666667,2.22925
239.29,0.141491666667,-0.482500000002,-1.17716666666,-0.399083333331,0.116416666668,2.81125,0.549083333333,6.20433333333,1.23075,1.06433333333
239.67,-0.014108333335,-1.08425,-1.75039814815,-1.13066666667,-0.464583333332,1.42508333333,0.433500000001,4.95658333333,-0.170416666666,0.898333333334
240.04,-0.475708333332,-1.78775,-1.94578703704,-2.53383333333,-0.351833333335,1.50608333333,0.281583333333,4.67341666667,-0.506750000003,0.408249999998
240.42,-0.561483333333,-2.13125,-1.57672222222,-2.43733333333,-0.178750000002,1.28883333333,0.791333333332,3.66258333333,-0.587,0.140416666665
240.79,-1.58273333333,-3.23416666667,-2.33008333333,-3.70633333333,-1.34675,0.690666666667,0.023,1.92216666666,-2.08325,-0.909416666667
241.17,0.154650000001,-1.91283333333,-0.666074074074,-1.79083333333,-0.589999999998,2.40125,1.68916666667,2.503,-1.099,0.814000000001
241.54,1.13014166667,-0.944000000001,0.23000925926,-0.989499999999,0.263166666666,3.31333333333,2.19683333333,3.12266666667,-0.499166666667,1.28908333333
241.92,1.57371666666,-0.185916666665,0.621037037038,-0.616416666667,0.498166666667,4.06958333333,2.44858333333,3.0225,-0.101333333334,1.67166666666
242.29,2.06435,0.469083333335,1.27399074074,0.0715,0.962250000001,5.15275,3.0375,3.125,0.755500000001,2.23441666667
242.67,1.38943333333,-0.106749999998,0.932740740742,-0.655666666667,0.251666666666,4.71925,2.37866666667,2.67616666667,-0.00766666666575,1.53258333333
243.05,1.53364166667,0.314000000001,1.01397222222,-0.792916666667,0.306750000001,4.70525,2.4985,2.60308333333,-0.149583333334,1.82516666667
243.42,1.33525833333,0.563416666666,0.96562037037,-1.05291666667,0.385416666667,4.38925,2.39475,2.73575,-0.281666666667,1.82375
243.80,1.53179166667,1.36191666667,1.38252777778,-0.615166666668,1.16441666667,5.287,3.29516666667,3.38308333333,0.505333333334,2.35791666667
244.17,1.92196666667,1.77775,1.65993518519,0.0512499999993,1.112,5.69941666666,3.68008333333,3.55566666667,0.475666666667,3.05841666667
244.55,2.20275833333,2.31558333334,2.12665740741,0.671916666667,1.29341666667,6.21066666667,3.80941666667,4.09525,0.671749999998,3.78791666667
244.92,2.54964166667,2.75758333333,2.52437037037,1.44925,1.62375,6.3135,4.16675,4.73025,1.11375,4.54908333334
245.30,2.37371666667,2.60075,2.08258333333,1.11891666667,1.48166666667,5.83266666667,3.91341666666,4.6325,0.925166666665,4.77625
245.67,2.165175,2.7255,1.87692592592,1.13891666667,1.47025,5.92158333333,4.27125,4.55616666667,0.953083333333,5.2765
246.05,1.897375,2.32683333334,1.64134259259,1.097,1.278,5.54841666667,4.0735,4.48875,0.809416666667,5.15425
246.42,2.116975,2.55008333333,1.87174074074,1.36633333333,1.506,5.55716666667,4.36866666667,4.66233333333,0.971833333333,5.5185
246.79,2.399275,2.60083333333,2.00307407407,1.36508333333,1.52575,5.6835,4.42991666667,4.644,1.07958333333,5.76383333333
247.17,2.40563333333,2.39641666667,1.8925,1.24391666667,1.41033333333,5.59575,4.29358333333,4.31841666666,1.09825,5.68316666667
247.54,2.86176666667,2.43808333333,2.13788888889,1.73633333333,1.70033333333,5.87908333333,4.53575,4.5075,1.17491666667,6.02333333333
247.92,3.11874166667,2.43266666666,2.31956481482,1.90333333333,1.82158333333,5.99408333333,4.51883333333,4.60833333333,1.33516666667,6.16133333333
248.29,3.33215,2.52508333333,2.53140740741,2.0985,2.1175,6.17375,4.64275,4.90175,1.57675,6.32616666667
248.67,3.43670833333,2.4945,2.46803703704,1.89116666667,2.11416666667,6.21908333333,4.63175,5.06991666667,1.60283333333,6.26533333334
249.04,4.22156666667,3.09775,2.93510185185,2.2805,2.56625,6.77058333333,5.07683333334,5.6995,2.12191666667,6.842
249.42,3.90405833334,2.71975,2.67191666667,1.99108333333,2.30025,6.57075,4.68558333333,5.61358333333,1.90208333334,6.45641666667
249.79,3.7495,2.14716666667,2.45667592593,1.66833333333,1.76883333333,6.15433333333,4.09833333333,5.34741666666,1.5135,5.91733333333
250.17,4.00224166667,2.215,2.75489814815,1.83591666667,1.88516666667,6.46775,4.28216666666,5.44891666667,1.56533333333,6.01983333333
250.54,3.34739166667,1.32116666667,1.88856481482,1.01791666667,0.996333333334,5.80466666667,3.48725,4.77566666667,0.74725,5.34441666667
250.92,2.90001666667,1.16208333334,1.80380555556,1.17366666667,0.729999999999,5.83975,3.39291666667,4.7185,0.712500000001,5.20908333333
251.29,3.62005,1.75466666666,2.65811111111,1.96858333333,1.11883333334,6.67041666667,4.15758333333,5.30683333333,1.27175,5.80808333333
251.66,3.80279166667,2.11116666667,3.04612962963,2.21075,1.08666666667,7.0355,4.35283333333,5.63833333333,1.72641666667,5.82475
252.04,4.51800833333,2.58183333334,3.64405555556,2.59466666667,1.79433333334,7.38941666668,4.8825,6.08283333333,2.238,6.25158333333
252.41,4.57660833333,2.82658333333,3.6825925926,2.67375,1.948,7.41024999999,5.19475,6.11791666666,2.27283333333,6.23241666667
252.79,5.02554166667,3.346,4.39181481481,3.423,2.62825,7.74999999999,5.8845,6.54483333333,2.73075,6.67941666667
253.16,4.3745,2.86,4.26977777778,3.2695,2.7755,7.62458333332,5.694,6.227,2.3335,6.2335
253.54,4.4693,3.00783333333,4.35264814815,3.1445,3.07291666667,7.77324999999,5.89175,5.77458333334,2.181,6.27608333334
253.91,3.71861666667,2.52858333333,3.54996296296,2.50191666667,2.4755,7.04258333333,5.20266666667,5.14291666667,1.3635,5.76516666666
254.28,3.11650833333,2.11933333333,3.0467037037,1.75583333333,2.09883333333,6.53625000001,4.58158333333,5.01366666667,0.877833333335,5.27425
254.66,3.45418333333,2.58208333333,3.47888888889,1.78975,2.37,6.63550000001,4.84583333334,5.49658333333,1.02575,5.2985
255.03,3.81178333333,2.92366666667,3.34732407407,1.37066666667,2.32575,6.36475,4.8265,5.40966666667,0.729083333333,5.32225
255.41,3.81771666667,2.74,3.18305555556,0.754833333334,2.34,6.05375000001,4.51391666667,5.61591666667,0.498166666667,5.14033333333
255.78,3.719925,2.37308333333,3.00030555556,0.154583333334,2.38883333333,6.06841666667,4.40633333334,5.42683333333,0.347833333332,5.13308333333
256.15,2.13003333333,1.21508333333,1.67512037037,-1.03491666667,0.807499999999,4.86850000001,3.33958333333,4.3115,-1.13666666667,3.68458333333
256.53,2.57413333333,1.60641666667,2.06201851852,-0.532916666668,1.02733333333,5.21316666667,3.738,4.63391666666,-0.478833333334,3.85383333334
256.90,2.669025,1.61191666667,2.09569444444,-0.366999999999,0.863666666666,5.21741666666,3.86441666666,4.40416666666,-0.10075,3.91483333333
257.28,2.07585,0.823916666668,1.49897222222,-0.937666666666,-0.147416666667,4.65566666667,3.00783333333,3.55708333333,-0.569333333334,3.26225
257.65,2.42185833333,1.15875,1.72125,-0.275,-0.131416666667,4.96425,3.184,4.16975,-0.161333333333,3.7215
258.02,3.41011666667,1.979,2.55675,0.896666666665,0.876249999999,5.90608333333,4.10741666667,4.85466666667,0.845166666668,4.48875
258.40,3.984825,2.31883333333,2.78628703704,1.52666666667,1.25833333333,6.26983333333,4.49675,4.9455,1.34216666667,4.85308333334
258.77,4.18489166667,2.55933333334,2.99786111111,1.71141666667,1.7615,6.68358333333,4.84883333334,5.04533333333,1.83091666667,5.43858333333
259.15,4.5008,2.61041666667,3.14167592593,2.07391666667,2.17433333333,6.96916666667,5.09958333333,5.20008333333,2.12225,5.72283333334
259.52,4.51338333333,2.4225,2.99562962963,2.31391666667,2.20541666667,6.94475,5.12566666667,5.18633333333,2.11916666667,5.80241666666
259.89,4.277125,2.06383333333,2.79823148148,2.16625,1.8495,6.69791666667,4.8575,4.83941666666,1.79208333333,5.61791666666
260.27,4.30690833334,1.98691666667,2.81116666667,2.14483333333,1.82916666667,6.78183333333,4.79783333334,4.73066666667,1.87858333333,5.62766666667
260.64,3.86073333333,1.47633333333,2.34380555556,1.53966666667,1.35233333333,6.28891666667,4.29366666667,4.20133333333,1.37841666667,5.18733333333
261.01,3.1782,0.867083333333,1.62566666667,0.869916666667,0.779916666666,5.7325,3.6765,3.51141666667,0.646583333334,4.57533333333
261.39,3.52451666667,1.257,1.92787962963,1.22208333333,1.30633333333,6.00841666667,4.12883333333,3.78858333333,1.06783333333,5.02508333334
261.76,3.48995833333,1.13225,1.97843518518,1.23108333333,1.45891666667,6.00283333333,4.16966666667,3.69933333333,1.17725,5.05633333333
262.13,3.17458333333,0.898083333334,1.75248148148,0.952,1.29466666667,5.90575,4.09366666667,3.41783333333,1.03458333333,4.93775
262.51,2.52030833333,0.242416666667,1.15426851852,0.259583333333,0.834083333332,5.44025,3.64758333334,2.9175,0.515583333332,4.45041666667
262.88,2.42311666667,-0.128833333333,1.0797037037,0.265166666667,0.750333333331,5.351,3.46766666667,2.8765,0.379083333332,4.20266666667
263.25,2.47046666667,0.029083333334,1.18709259259,0.295999999999,0.837833333334,5.52791666667,3.6185,3.00991666667,0.67125,4.33975
263.63,2.27025833333,0.073,1.25063888889,-0.01825,0.76125,5.36558333333,3.4875,2.73975,0.665500000002,4.18941666667
264.00,2.68845,0.68425,1.68213888889,0.482083333332,1.36383333333,5.84633333334,4.18341666667,3.2435,1.27258333333,4.73316666667
264.37,2.905025,1.08316666667,1.90966666667,0.672666666666,1.637,5.77633333333,4.273,3.56575,1.47858333333,4.99
264.75,3.20198333333,1.484,2.10814814815,1.31525,2.0945,6.12458333333,4.43708333333,3.98058333333,1.92083333333,5.61866666667
265.12,3.56501666667,1.69783333333,2.43898148148,1.59066666667,2.44441666667,6.4645,4.46433333333,4.39608333333,2.32233333333,5.95716666667
265.49,3.70045,1.74966666667,2.38822222222,1.51283333333,2.25233333333,6.54966666666,4.34058333333,4.45166666667,2.3345,5.82958333334
265.87,3.93829166667,2.10941666667,2.53753703704,1.75841666667,2.28475,6.71208333333,4.69283333333,4.71641666667,2.30841666667,6.02958333334
266.24,4.1868,2.35658333333,2.96637962963,1.89091666666,2.3935,6.91291666667,4.75925,4.97591666667,2.49033333333,6.12425
266.61,4.73536666666,3.19591666667,3.76414814815,2.571,2.9255,7.34925,5.35008333333,5.62491666667,2.85916666667,6.86175
266.98,4.54956666667,3.198,3.63277777778,2.431,2.69533333333,7.09366666667,5.24766666667,5.38633333334,2.51766666667,6.70366666666
267.36,3.69376666667,2.48908333333,3.02721296296,1.85925,1.95233333333,6.4445,4.71175,4.66958333333,1.72416666667,6.07241666667
267.73,3.122825,2.24341666667,2.50938888889,1.55691666667,1.56925,6.16466666667,4.44975,4.46225,1.35283333333,5.69
268.10,3.1715,2.22058333334,2.29260185185,1.25466666667,1.41558333333,5.99308333333,4.243,4.38333333333,1.29616666667,5.56375
268.48,3.08940833333,2.29191666667,2.16561111111,1.26883333333,1.27708333333,5.98791666667,4.27725,4.08475,1.21975,5.677
268.85,3.14435,2.378,2.25549074074,1.21916666667,1.24741666667,6.05183333333,4.374,4.06008333334,1.29166666667,5.55683333333
269.22,3.26111666667,2.67675,2.32257407407,1.51358333333,1.27058333333,6.015,4.68866666667,4.22241666667,1.37441666667,5.54083333333
269.59,2.92134166667,2.34208333333,1.91974074074,1.46675,0.984333333333,5.66066666667,4.509,3.9215,1.00766666667,5.26358333334
269.97,2.767625,2.02833333333,1.67243518518,1.16383333333,0.777333333332,5.50133333333,4.27675,3.65108333333,0.746916666668,4.93625
270.34,2.703875,1.98341666667,1.2880462963,1.10275,0.765916666666,5.32491666667,4.09633333333,3.54133333333,0.658749999997,4.85116666667
270.71,3.20896666666,2.36133333334,1.55954629629,1.63433333333,1.14483333333,5.73791666666,4.52125,3.80483333333,1.18075,5.06116666666
271.09,2.89736666667,2.18166666667,1.20197222222,1.41508333333,0.812083333333,5.45791666666,4.15441666666,3.4505,1.01775,4.77133333333
271.46,2.71851666667,1.97233333333,1.0835462963,1.27758333333,0.803166666668,5.19516666667,4.00225,3.33791666667,0.955666666667,4.56808333334
271.83,2.85884166667,1.90466666667,1.12781481482,1.31475,0.827,5.21941666667,4.03666666667,3.30166666667,0.909249999999,4.58358333334
272.20,2.66356666667,1.89841666667,1.17408333333,1.36233333333,0.794500000001,5.00883333333,3.94,3.1395,0.736833333333,4.47933333333
272.58,2.69556666667,1.72816666666,1.13784259259,1.37683333333,0.843666666667,5.03391666667,3.94558333334,3.24291666667,0.865583333333,4.37208333334
272.95,2.42180833333,1.5905,0.99938888889,1.281,0.715749999998,4.93375,3.89016666667,3.062,0.784333333334,4.18375
273.32,2.37945833333,1.43766666667,1.05184259259,1.23983333333,0.699833333333,4.95291666667,3.87,3.08558333333,0.872666666668,4.24358333333
273.69,2.16414166667,1.18741666667,0.946916666667,0.866666666667,0.476166666666,4.784,3.50466666667,2.96825,0.695083333333,3.99383333333
274.06,1.80688333333,1.01133333333,0.85301851852,0.73975,0.307083333334,4.56583333334,3.22158333333,2.78525,0.733583333332,3.75133333333
274.44,1.84126666667,1.09233333333,1.01083333333,0.963916666667,0.371749999999,4.5335,3.41483333333,2.83908333333,0.918000000001,3.94783333334
274.81,1.60499166667,0.701833333333,0.670583333334,0.51375,0.0806666666657,4.13625,2.95808333333,2.5485,0.500333333333,3.72683333333
275.18,1.90705,0.74375,0.83861111111,0.706333333332,0.356500000001,4.33641666667,3.14691666667,2.74233333333,0.637500000001,3.9525
275.55,2.097175,0.915083333333,0.846037037037,0.75725,0.371583333334,4.30175,3.08516666667,2.72058333334,0.694166666667,4.06666666667
275.93,1.70178333333,0.408583333333,0.41212037037,0.415749999999,0.204416666667,3.99275,2.70241666667,2.32275,0.455,3.67033333333
276.30,1.53660833333,0.271749999999,0.17087037037,0.33425,0.109999999999,3.99583333333,2.54141666666,2.31733333333,0.3635,3.42291666667
276.67,0.865458333332,-0.235,-0.308490740741,-0.223833333333,-0.373333333334,3.35491666666,2.045,1.86225,-0.223833333334,2.90341666667
277.04,0.521958333334,-0.903250000001,-0.996046296297,-0.793583333333,-0.926000000002,2.64925,1.46641666667,1.38691666667,-0.982583333334,2.41125
277.41,0.334008333333,-1.26358333333,-1.45377777778,-1.15358333333,-1.32058333333,2.30716666667,1.03966666667,0.834833333333,-1.54083333333,2.15916666667
277.79,0.656991666667,-0.835666666665,-1.08962037037,-0.691333333333,-1.02925,2.636,1.58391666667,1.01425,-1.07866666667,2.5525
278.16,0.84655,-0.640499999998,-1.02966666667,-0.678666666667,-0.951583333335,2.68433333333,1.69091666667,0.989666666666,-1.02741666666,2.59316666667
278.53,0.928475,-0.40675,-0.758611111111,-0.632666666667,-0.798499999999,2.86941666666,1.77358333333,1.15975,-0.956500000001,2.715
278.90,0.732533333335,-0.318416666668,-0.556796296298,-0.494416666667,-0.8015,2.9925,1.8765,1.1385,-0.760333333332,2.76766666667
279.27,0.6942,7.49969530922e-13,-0.283731481483,-0.268,-0.651249999999,3.20083333333,2.15883333333,1.24316666667,-0.64775,2.95533333334
279.64,0.422241666665,-0.250833333333,-0.367574074075,-0.361666666667,-0.904333333333,3.22183333334,2.11091666667,1.20308333333,-0.808166666668,2.81225
280.02,1.06049166667,0.500166666667,0.507657407407,0.225,-0.43575,3.72891666666,2.70025,1.89658333333,-0.167916666667,3.32916666666
280.39,1.213725,0.694749999999,0.75186111111,0.392583333334,-0.281333333333,3.88008333333,2.92825,2.12933333333,0.201583333333,3.68916666667
280.76,1.5771,1.01075,0.935398148149,0.668083333333,0.145916666666,4.19891666667,3.18475,2.41483333333,0.474916666665,4.13808333333
281.13,2.32693333333,1.86216666667,1.8405462963,1.32766666667,0.908249999999,5.02233333333,3.81258333333,3.13408333333,1.25558333333,4.865
281.50,2.54976666667,2.29125,2.23295370371,1.54558333333,1.30333333333,5.45275,4.21616666667,3.48616666667,1.6795,5.01291666667
281.87,2.4972,2.18416666667,2.01222222222,1.284,1.19983333333,5.32116666667,4.06216666667,3.37141666667,1.38416666667,4.91833333333
282.25,2.57330833333,2.27441666667,1.91556481481,1.44583333334,1.26875,5.37725,4.0445,3.49708333333,1.37866666667,5.13566666667
282.62,2.52928333333,1.98091666667,1.75598148148,1.31466666667,1.16241666666,5.25566666667,3.96491666667,3.32841666667,1.31158333333,4.939
282.99,2.41456666667,1.55825,1.30426851852,0.904333333333,0.860666666667,4.88175,3.7465,2.92366666667,0.892999999999,4.56925
283.36,2.28065833333,1.001,0.942527777776,0.554916666667,0.428916666666,4.56991666667,3.40891666667,2.57366666667,0.514666666667,4.178
283.73,2.519825,1.30725,1.36352777778,0.840250000001,0.765499999999,4.95558333333,3.80866666666,2.92158333334,0.776583333333,4.44166666667
284.10,2.1574,1.03033333333,1.02696296296,0.55825,0.428750000001,4.72766666666,3.57066666667,2.65625,0.463916666667,4.1585
284.47,2.14834166667,0.869166666667,1.13644444444,0.424083333333,0.350166666666,4.70658333333,3.50816666667,2.58125,0.4345,4.03508333333
284.85,2.45371666667,1.12025,1.54092592593,0.725583333333,0.598333333332,4.97233333333,3.80625,2.88208333334,0.666999999999,4.20616666667
285.22,2.49323333333,1.20791666667,1.59391666667,0.888,0.652166666668,4.96525,3.99541666667,3.02333333333,0.813499999999,4.35266666667
285.59,2.71039166667,1.35833333333,1.71303703704,1.12625,0.713333333333,5.03275,4.0995,3.21025,0.925916666666,4.56875
285.96,2.76166666667,1.4135,1.8387037037,1.23966666667,0.766000000001,5.09558333333,4.14125,3.32,0.988416666666,4.61975
286.33,3.00118333333,1.6285,2.10489814815,1.44233333334,0.862,5.31508333333,4.37675,3.53866666667,1.16041666666,4.84233333334
286.70,2.90546666667,1.62358333333,1.9172037037,1.29558333333,0.725500000001,5.20833333334,4.217,3.42666666667,1.08708333333,4.86333333333
287.07,2.72488333333,1.60791666667,1.91037037037,1.20825,0.59925,5.11266666667,4.09691666666,3.4565,1.028,4.78291666667
287.44,2.9214,2.02316666667,2.18682407407,1.41208333333,0.897249999998,5.27316666667,4.35666666667,3.78658333333,1.32075,5.189
287.82,3.13163333333,2.16266666666,2.04018518518,1.43041666667,0.973916666667,5.2505,4.29108333334,3.74675,1.34233333333,5.30916666666
288.19,3.42796666667,2.3645,2.04668518518,1.4915,1.1635,5.32066666667,4.391,3.83133333333,1.4175,5.55708333333
288.56,3.291325,2.24533333333,1.6185,1.33166666667,0.956416666668,5.15425,4.11525,3.63725,1.06883333333,5.43458333333
288.93,2.79115833333,1.77075,1.06302777778,0.825833333332,0.404083333333,4.78658333333,3.59,3.17841666667,0.607333333333,4.95166666666
289.30,2.696675,1.54908333333,0.943018518518,0.667666666667,0.201083333333,4.69125,3.41525,2.99775,0.427916666667,4.74791666667
289.67,2.89125833333,1.67866666667,1.09605555556,0.715499999999,0.400166666668,4.80583333333,3.54808333333,3.22791666667,0.537249999999,4.90916666667
290.04,2.92329166667,1.78975,1.12768518519,0.855,0.411916666667,4.8105,3.68516666667,3.32441666667,0.61025,4.91341666667
290.41,2.76509166667,1.53391666667,1.08287962963,0.665750000001,0.380916666667,4.646,3.72091666666,3.22591666666,0.515666666666,4.685
290.78,2.86480833333,1.639,1.28435185185,0.813166666667,0.547166666667,4.83108333333,3.98941666667,3.47083333333,0.651499999999,4.693
291.15,3.007175,1.75566666667,1.36638888889,0.968583333333,0.639749999999,4.9485,4.1325,3.5165,0.815749999999,4.87208333334
291.52,2.97248333333,1.70725,1.22293518519,0.885416666667,0.490916666666,4.97758333333,4.10275,3.433,0.741666666668,4.64158333333
291.89,3.042925,1.53791666667,1.22952777778,0.896333333334,0.4375,4.949,4.10375,3.489,0.681666666666,4.56525
292.26,3.00806666667,1.63766666666,1.42850925926,1.07808333333,0.414916666668,5.16425,4.17891666667,3.51,0.753500000002,4.60758333333
292.64,3.18209166667,1.83708333333,1.67263888889,1.3915,0.6435,5.33283333333,4.538,3.69075,1.034,4.64791666667
293.01,3.87171666667,2.563,2.36637962963,2.04716666667,1.31491666667,5.93916666667,5.23741666667,4.25816666667,1.66158333333,5.30141666667
293.38,4.19951666667,2.95475,2.67333333334,2.257,1.75675,6.29016666667,5.59541666667,4.58633333334,1.89841666667,5.62875
293.75,3.95718333333,2.84066666667,2.46889814815,2.09925,1.62175,6.03966666667,5.49533333333,4.4235,1.69933333333,5.38425
294.12,4.04450833333,2.81625,2.42101851852,2.09925,1.75166666667,6.03833333334,5.49758333333,4.53216666667,1.71866666667,5.43416666666
294.49,4.17910833333,3.04391666667,2.57089814815,2.25108333333,1.909,6.31858333333,5.67775,4.85766666666,1.87375,5.64516666667
294.86,4.195725,2.96458333333,2.53608333334,2.18408333333,1.76258333333,6.10725,5.49441666666,4.82408333334,1.66841666667,5.50758333333
295.23,4.36140833333,3.15433333333,2.73281481481,2.28408333333,1.97258333333,6.29616666667,5.66791666667,5.1865,1.81041666667,5.598
295.60,4.23879166667,3.10775,2.77121296296,2.253,2.00141666667,6.26316666667,5.72666666667,5.33225,1.84941666667,5.57933333333
295.97,4.408625,3.34908333333,3.03714814815,2.36558333333,2.15525,6.50616666666,5.97916666667,5.54041666667,2.17775,5.77566666667
296.34,4.34815833333,3.09491666667,2.9325,2.11758333333,2.03916666667,6.39625,5.90891666667,5.51708333333,2.06325,5.5975
296.71,4.41125,3.18366666667,3.03243518519,2.08633333333,2.08875,6.34641666667,5.93333333333,5.67275,2.06108333333,5.65566666667
297.08,4.34171666667,3.18783333333,3.07528703703,2.10933333333,2.01791666667,6.26758333334,5.91841666667,5.81466666667,2.04275,5.59458333333
297.45,4.058975,2.96583333333,2.72113888889,1.93233333333,1.73808333333,6.05766666667,5.69591666667,5.61758333334,1.821,5.21866666667
297.82,4.27769166667,3.18633333333,2.9405,2.11725,1.87625,6.36633333333,5.8885,5.82033333334,2.1215,5.38183333333
298.19,4.32981666667,3.30841666667,3.03453703704,2.07975,1.87425,6.54008333333,5.93191666666,5.90091666667,2.15033333333,5.43791666667
298.56,4.14859166667,3.23133333333,2.84442592592,1.90833333333,1.74891666667,6.35375,5.68691666666,5.67441666666,1.97325,5.29691666667
298.93,4.15448333333,3.38041666666,2.91085185185,1.91758333333,1.83616666667,6.61941666667,5.83225,5.755,2.04633333333,5.53191666666
299.30,3.98815833333,3.30291666667,2.76117592593,1.80708333333,1.67016666667,6.59441666667,5.71083333333,5.61825,1.98166666667,5.49891666667
299.67,3.96075833333,3.33458333333,2.70282407408,1.8035,1.6365,6.65566666667,5.70016666667,5.618,1.95625,5.47158333333
300.04,3.66621666667,3.29775,2.46900925926,1.59325,1.38216666667,6.41758333333,5.39833333333,5.5595,1.63333333333,5.26083333333
300.41,3.54910833333,3.35441666667,2.40947222223,1.56583333333,1.27725,6.27816666667,5.35341666666,5.5565,1.50716666667,5.30925
300.78,3.40405833333,3.31275,2.34150925926,1.4915,1.12941666667,6.30608333333,5.35016666667,5.42816666667,1.474,5.34266666667
301.15,3.15788333334,2.91458333333,2.01584259259,1.12816666667,0.79775,6.03325,5.14241666666,5.0495,1.19766666666,5.11416666667
301.52,3.20871666667,2.96383333333,2.16197222222,1.06283333333,0.846000000002,6.07175,5.16816666666,5.10558333333,1.27183333334,5.24391666667
301.89,2.96880833334,2.82183333333,2.0142962963,0.904500000001,0.647916666667,5.79175,5.04075,4.92958333333,0.941666666666,4.95616666667
302.26,2.75618333334,2.70008333333,1.97439814815,0.839916666666,0.575000000001,5.59091666667,5.04508333333,4.947,0.781833333333,4.76933333333
302.63,3.27123333333,3.15883333333,2.53508333333,1.23775,1.05375,6.0285,5.51616666667,5.32683333334,1.32191666667,5.06666666667
303.00,3.48898333333,3.42658333333,2.85507407408,1.53516666667,1.405,6.25208333333,5.88766666667,5.59366666667,1.65466666667,5.10716666666
303.37,3.76044166667,3.68375,3.01630555556,1.68741666667,1.68733333333,6.37333333333,6.11633333333,5.80483333333,1.773,5.23108333333
303.74,4.30289166667,4.03433333333,3.4465925926,2.01066666667,2.06525,6.59766666667,6.42641666667,6.14358333333,2.08866666667,5.55216666667
304.10,4.51651666667,4.112,3.70212037037,2.2005,2.38816666667,6.7925,6.74025,6.17183333333,2.318,5.61366666667
304.47,4.65110833334,4.17341666667,3.72837962963,2.34783333333,2.4295,6.80058333333,6.909,6.297,2.42958333333,5.56075
304.84,4.51443333333,3.97458333333,3.49513888889,2.158,2.30208333334,6.69291666667,6.81025,6.19675,2.16333333333,5.26575
305.21,4.43068333333,4.14675,3.3867037037,2.08658333334,2.295,6.72483333333,6.83166666667,6.27608333333,2.10525,5.11916666667
305.58,4.59565,4.44108333333,3.64244444444,2.38241666666,2.4145,6.877,7.177,6.56658333334,2.2405,5.35125
305.95,4.446,4.40958333334,3.50925925926,2.25708333334,2.402,6.89208333333,7.11483333333,6.5995,2.28933333333,5.50708333333
306.32,4.47516666667,4.32641666667,3.41833333334,2.19266666667,2.38325,6.68008333333,7.05316666667,6.50833333333,2.31616666667,5.49366666667
306.69,3.943225,3.93233333334,3.0402037037,1.787,1.82741666667,6.11516666667,6.64358333333,6.13408333333,1.787,5.06141666667
307.06,3.7418,3.61141666666,2.69339814815,1.55775,1.415,5.75958333333,6.30133333334,5.88883333333,1.3745,4.95633333334
307.43,3.800225,3.71,2.9012037037,1.74658333333,1.52941666667,5.9975,6.60833333333,6.25733333333,1.63391666667,5.12166666666
307.80,3.62486666667,3.59566666667,2.69077777778,1.57333333333,1.34308333333,5.81908333333,6.59883333333,6.09666666667,1.52575,5.00191666667
308.17,3.5879,3.521,2.54275925926,1.53625,1.20883333334,5.77391666667,6.59358333333,6.11916666667,1.37641666667,5.01858333334
308.54,3.59279166666,3.68608333334,2.66690740741,1.63233333333,1.36266666667,5.84,6.58383333333,6.15208333333,1.44016666667,5.10391666667
308.90,3.66865,3.80516666666,2.85332407408,1.76966666667,1.4965,5.88833333333,6.60916666667,6.26441666666,1.56833333333,5.15333333334
309.27,3.88289166667,3.99233333333,3.03963888889,1.86016666667,1.74241666667,6.06241666667,6.80541666666,6.39716666667,1.75141666667,5.42558333333
309.64,3.818225,3.89708333333,3.02741666667,1.70891666667,1.81808333333,5.97366666667,6.74008333333,6.317,1.6845,5.35425
310.01,3.96230833333,3.89008333333,3.15033333333,1.73016666666,1.88133333333,5.95958333333,6.817,6.30516666667,1.66316666667,5.33741666666
310.38,3.94925,4.03991666667,3.21313888889,1.7685,1.889,6.08308333333,6.829,6.311,1.6585,5.32041666667
310.75,4.30096666667,4.36975,3.42920370371,2.13525,2.2575,6.39725,7.1745,6.68333333333,1.96525,5.59275
311.12,4.46023333333,4.56808333333,3.65281481482,2.1795,2.53816666667,6.56125,7.33775,6.86866666667,2.13241666667,5.66825
311.49,4.43826666667,4.59466666667,3.65035185185,2.14525,2.62525,6.54583333333,7.30375,6.754,2.08591666667,5.65516666667
311.85,4.40314166667,4.61916666667,3.73307407407,2.15358333333,2.70566666666,6.64416666667,7.30233333333,6.79491666667,2.16766666667,5.72525
312.22,4.44526666667,4.69408333333,3.81487962963,2.16291666666,2.76883333333,6.65833333333,7.34075,6.85491666666,2.23116666667,5.69691666667
312.59,4.63051666666,4.80758333333,3.99076851852,2.29866666667,2.96283333334,6.8395,7.57266666667,7.17775,2.43525,5.84975
312.96,4.85214166667,4.9945,4.14602777778,2.45325,3.12191666667,6.996,7.87108333333,7.37008333333,2.63158333333,6.11683333333
313.33,4.773275,4.8785,4.14293518519,2.45033333333,3.06383333334,6.87425,7.82341666667,7.34441666667,2.48108333333,5.95591666667
313.70,4.8823,4.97558333333,4.1897962963,2.62916666667,3.09741666667,6.99825,7.96208333334,7.42591666667,2.59291666666,6.02766666667
314.07,5.07678333333,5.25075,4.34733333333,2.89558333333,3.30416666667,7.28975,8.28716666666,7.78149999999,2.78016666667,6.18366666667
314.43,5.48556666667,5.58375,4.76515740741,3.26358333333,3.69266666667,7.659,8.78608333333,8.17291666668,3.2495,6.60041666666
314.80,5.29409166667,5.45808333333,4.58830555556,3.09741666667,3.571,7.61341666667,8.80683333335,8.14483333332,3.12891666667,6.52841666667
315.17,5.13106666667,5.3925,4.47609259259,3.14616666667,3.39808333333,7.50041666667,8.78316666666,8.14058333335,3.08183333333,6.3735
315.54,4.927425,5.22416666667,4.30783333334,2.981,3.05883333333,7.24925,8.57675,7.98449999999,2.8355,6.12258333333
315.91,4.8494,5.21858333333,4.20647222222,2.99233333333,2.99233333333,7.21525,8.58100000001,7.99125,2.61683333333,5.91033333333
316.28,4.7034,5.2875,4.25790740741,3.05875,3.0075,7.21008333333,8.63716666665,8.00899999999,2.75225,5.9565
316.64,4.75908333333,5.40608333334,4.289,3.08625,3.01716666667,7.29775,8.66133333331,7.98466666667,2.82483333333,6.03666666667
317.01,4.83703333333,5.583,4.41237962963,3.1635,3.071,7.27375,8.70283333334,8.05366666667,2.948,6.05508333334
317.38,4.80385833333,5.66341666667,4.40081481482,3.12791666667,2.99858333333,7.35025,8.64116666665,8.13683333333,3.027,6.14716666667
317.75,4.84265,5.77725,4.56723148148,3.11166666667,3.06208333333,7.50916666667,8.73233333334,8.30199999999,3.17675,6.28575
318.12,4.44673333334,5.38283333333,4.33780555555,2.70725,2.64125,7.125,8.32808333332,7.81258333335,2.83166666667,5.94333333333
318.49,4.31394166667,5.22458333333,4.18000925926,2.57391666667,2.43691666667,7.01341666667,8.13841666667,7.64049999999,2.58733333333,5.71441666667
318.85,4.41915833333,5.23391666667,4.35472222222,2.48008333334,2.30991666667,6.97233333334,8.00908333332,7.61033333333,2.59683333333,5.63
319.22,4.540025,5.27391666667,4.39872222222,2.40916666667,2.24666666666,6.88108333333,8.02966666666,7.62174999999,2.69433333333,5.73508333333
319.59,4.98966666667,5.76516666667,4.82975,2.73325,2.69883333333,7.20916666667,8.43991666666,7.96041666666,3.05041666666,6.13816666667
319.96,5.19268333334,5.88733333333,4.97906481481,2.73958333333,2.85425,7.269,8.46941666668,7.9945,3.3425,6.41008333333
320.32,5.14486666667,5.71525,4.75640740741,2.40683333334,2.69116666667,7.04466666666,8.28183333333,7.95416666665,2.98883333333,6.17291666667
320.69,4.8467,5.4895,4.46266666667,1.98633333333,2.388,6.6565,8.12724999999,7.75541666666,2.67558333333,5.82058333333
321.06,4.62046666667,5.40233333334,4.20097222222,1.68566666667,2.22675,6.59325,7.98258333333,7.65916666666,2.417,5.522
321.43,5.33293333333,6.02225,4.79975925926,2.3755,2.81633333333,7.25025,8.69883333333,8.23408333333,3.0045,6.12966666667
321.80,5.32491666667,5.99491666666,4.67273148148,2.27708333333,2.72333333333,7.14683333334,8.66208333333,8.17825000001,2.75833333333,5.91733333333
322.16,5.71583333333,6.34433333333,4.99940740741,2.55241666667,3.08966666667,7.35858333333,9.05666666665,8.59525,3.0975,6.21875
322.53,5.90848333333,6.58600000001,5.27861111111,2.8175,3.3965,7.59916666667,9.34658333334,8.89175000001,3.53866666666,6.48275
322.90,5.9587,6.44991666667,5.19574074074,2.80408333333,3.59525,7.724,9.49383333332,8.83908333334,3.58766666667,6.57366666666
323.27,6.35179166667,6.82383333333,5.53024074074,3.18941666667,4.10116666667,8.23458333333,10.0133333333,9.14116666665,3.94808333333,6.88066666667
323.63,6.26781666667,6.72075,5.42060185185,3.15991666667,4.05083333333,8.20791666668,10.004,9.06016666668,3.82625,6.72566666667
324.00,6.48895833333,7.09025,5.66439814815,3.48466666667,4.367,8.54191666666,10.41125,9.44366666667,4.01833333333,6.891
324.37,6.657275,7.37508333332,5.81196296296,3.77383333333,4.60325,8.76191666666,10.6535833333,9.57283333333,4.2485,7.14916666667
324.74,6.85073333333,7.62574999999,6.10412037037,4.07266666667,4.816,9.04741666666,10.8051666667,9.62741666668,4.48675,7.4535
325.10,6.82723333333,7.53766666666,6.14516666667,4.02425,4.76066666667,9.03458333332,10.8166666667,9.56516666666,4.44508333333,7.47841666667
325.47,6.59098333333,7.31775,5.97637037037,3.733,4.54866666667,8.68399999999,10.5603333334,9.34891666665,4.2345,7.2145
325.84,6.757275,7.55158333333,6.23610185185,4.02225,4.8735,8.78841666666,10.7944166667,9.53658333334,4.54058333333,7.49891666667
326.21,6.68168333333,7.59974999999,6.15137037037,4.00525,4.85408333333,8.79241666666,10.7310833333,9.49858333334,4.51675,7.56625
326.57,6.53000833333,7.58641666667,5.99469444444,3.79533333334,4.69283333333,8.57833333334,10.60975,9.34399999999,4.28933333333,7.41058333333
326.94,6.43578333333,7.76525000001,5.99192592593,3.86391666667,4.626,8.41891666667,10.5659166667,9.42983333334,4.27741666667,7.45616666667
327.31,6.34328333333,7.80391666668,5.96398148148,3.82325,4.51191666666,8.25600000001,10.468,9.45091666667,4.16466666667,7.3875
327.67,6.2949,7.85366666666,6.0087037037,3.74375,4.43808333334,8.19658333333,10.45675,9.53691666667,4.19408333333,7.45158333333
328.04,6.02346666667,7.64516666666,5.90247222222,3.5565,4.19825,7.91741666667,10.2900833333,9.31275,3.91983333333,7.2485
328.41,6.104725,7.79691666666,6.0814537037,3.57258333333,4.16875,7.97366666668,10.3730833333,9.40008333334,3.98558333333,7.37733333333
328.78,6.23675,7.90649999999,6.1807962963,3.66808333333,4.36291666666,8.09091666666,10.4698333333,9.58391666667,4.08633333333,7.47125
329.14,6.39623333334,8.10133333333,6.38275925926,3.8415,4.59983333333,8.19225000001,10.66025,9.774,4.33116666667,7.73933333333
329.51,6.39830833333,8.12824999999,6.42212037037,3.88633333334,4.63025,8.17416666667,10.6790833333,9.79541666668,4.32041666667,7.7245
329.88,6.10331666667,7.83416666667,6.02859259259,3.48225,4.158,7.78558333333,10.3115833333,9.55224999999,3.90383333333,7.26033333333
330.24,6.325275,8.00641666667,6.25392592592,3.67625,4.31241666667,7.92233333333,10.514,9.76275,4.04966666667,7.30816666667
330.61,6.29775833333,7.9025,6.17041666667,3.599,4.20208333333,7.8295,10.4609166667,9.70749999999,3.84183333333,7.27958333334
330.98,6.52369166667,8.12241666668,6.4267037037,3.74233333333,4.41725,8.07391666666,10.7409166667,9.82858333332,3.94008333333,7.38125
331.34,6.466325,8.03500000001,6.40706481482,3.62908333333,4.40825,8.07641666667,10.7214166667,9.73541666667,3.93816666667,7.40175
331.71,6.22033333333,7.64516666667,6.02717592593,3.42341666667,4.10058333333,7.83775000001,10.5121666667,9.45625,3.61608333333,7.05666666667
332.08,6.14911666666,7.5105,5.88135185185,3.23591666667,4.00966666666,7.72641666667,10.38725,9.37416666667,3.5395,6.94841666667
332.44,6.1124,7.52575,5.9357037037,3.20725,4.01483333333,7.74508333333,10.3765833333,9.32025,3.608,6.89941666667
332.81,6.14709166667,7.68108333334,6.10664814815,3.31616666667,4.15516666667,7.88875,10.5525,9.39033333334,3.66225,6.97416666667
333.18,6.57416666667,8.15274999999,6.46621296296,3.71591666667,4.54333333334,8.23074999999,10.8565,9.71916666669,4.03833333333,7.27616666667
333.54,6.84338333333,8.33741666667,6.63631481481,3.81491666666,4.74333333333,8.51766666667,11.14475,9.82524999999,4.18775,7.48808333333
333.91,7.22633333333,8.75174999999,7.1217962963,4.1955,5.16375,8.89325000001,11.5705833334,10.1303333333,4.56216666667,7.85316666667
334.28,7.13546666666,8.74458333333,7.10284259259,4.20108333333,5.2085,8.87458333334,11.5801666667,10.0748333333,4.46266666667,7.82975
334.64,7.14221666667,8.855,7.18184259259,4.35675,5.42175,8.99275,11.65625,10.1665833333,4.56625,7.893
335.01,7.09820833333,8.87300000001,7.14746296296,4.28866666667,5.39491666667,8.95549999999,11.6060833333,10.1291666667,4.56516666667,7.86466666667
335.38,7.12196666667,8.97016666666,7.16628703704,4.2325,5.45641666666,9.00425,11.6295833333,10.0416666667,4.53366666667,7.78808333333
335.74,7.42098333333,9.35025000001,7.58605555556,4.50916666667,5.82441666666,9.29783333333,11.9135833333,10.20225,4.79241666667,8.0555
336.11,7.588775,9.56516666666,7.68587962963,4.66941666667,5.95125,9.39624999999,11.9935,10.2680833334,4.89208333333,8.17933333333
336.47,7.50060833334,9.49475,7.51516666667,4.629,5.89666666667,9.21950000001,11.9221666667,10.2175833333,4.70066666667,8.01225
336.84,7.429125,9.4425,7.32453703704,4.49958333333,5.70441666667,8.93950000001,11.8379166667,10.1100833333,4.44166666667,7.7725
337.21,7.07088333333,9.00850000001,7.06401851852,4.1595,5.39933333333,8.69183333333,11.63475,9.76866666666,4.03458333333,7.36666666667
337.57,6.86464166667,8.97208333334,6.97242592593,4.1125,5.291,8.56791666667,11.5309166667,9.70124999999,3.9735,7.14775
337.94,6.61039166667,8.77608333332,6.76974074074,3.95316666667,5.04425,8.44508333334,11.3775833333,9.54850000001,3.82558333334,7.01191666666
338.31,6.460125,8.66291666666,6.7152962963,3.78125,4.85283333333,8.34225000001,11.30425,9.45499999998,3.7525,6.846
338.67,6.43136666667,8.67675,6.74013888889,3.63433333333,4.76733333334,8.28300000001,11.3616666667,9.39258333332,3.70283333333,6.75991666667
339.04,6.38476666667,8.65866666667,6.68006481482,3.61658333333,4.73841666667,8.22008333334,11.4198333333,9.40283333334,3.61475,6.71383333333
339.40,6.191375,8.45325,6.47440740741,3.55608333333,4.45316666667,7.99683333333,11.3020833333,9.36300000001,3.35383333333,6.53558333333
339.77,5.93573333333,8.24583333333,6.20002777778,3.31083333333,4.13266666667,7.67766666666,11.1135833333,9.19816666666,3.132,6.22858333334
340.14,5.72086666667,8.07491666667,6.11571296296,3.12416666667,3.878,7.52591666667,11.11875,9.11033333333,2.86758333333,6.03983333334
340.50,5.75915,8.14166666666,6.17388888889,3.16383333333,3.89091666667,7.63625,11.1583333333,9.16508333334,2.84625,6.02433333333
340.87,5.62726666667,8.07299999999,6.14093518519,3.06591666667,3.84175,7.6815,11.0628333333,9.13033333334,2.89583333334,6.01125
341.23,5.96171666667,8.47666666666,6.35611111111,3.40925,4.07866666667,7.95241666668,11.2865,9.48841666667,3.24141666667,6.35175
341.60,5.91089166667,8.3905,6.23742592593,3.29775,4.03691666667,7.81158333334,11.2269166667,9.40100000001,3.18708333333,6.37425
341.96,5.82131666667,8.27683333332,6.07639814815,3.12266666667,3.93141666667,7.67833333333,11.0626666667,9.33041666667,3.06975,6.23833333333
342.33,6.05846666667,8.53883333334,6.15349074074,3.35225,4.08508333333,7.83124999999,11.2053333333,9.41816666667,3.2005,6.43325
342.70,6.20263333333,8.60091666666,6.17561111111,3.41008333333,4.03858333333,7.96750000001,11.3095,9.48725000001,3.27391666666,6.51108333333
343.06,6.2939,8.65275000001,6.22955555556,3.48458333334,4.06866666667,8.01375000001,11.3378333333,9.54658333333,3.32225,6.55541666667
343.43,6.5286,8.9075,6.47972222222,3.6395,4.34575,8.28558333334,11.5463333333,9.71241666668,3.58208333333,6.77925
343.79,6.80821666667,9.20483333333,6.73244444444,3.88816666667,4.63925,8.60408333334,11.7535,9.99191666665,3.85375,7.033
344.16,6.95285,9.36483333334,6.84092592593,4.02858333333,4.81966666667,8.77275,11.844,10.0848333333,4.078,7.14458333333
344.52,7.047275,9.37875000001,6.92602777778,4.04258333334,4.85366666667,8.81100000001,11.9484166667,10.0601666667,4.13241666666,7.27108333333
344.89,7.3362,9.66116666666,7.20397222222,4.30333333333,5.1085,8.97758333334,12.29425,10.3189166667,4.37383333333,7.55391666666
345.25,7.14705833333,9.52991666667,7.11163888889,4.116,4.99566666667,8.81749999999,12.2340833333,10.1305,4.22483333333,7.39508333333
345.62,7.00229166667,9.44625,7.05933333333,4.02066666667,4.85925,8.67158333334,12.16025,10.0225833333,4.03716666666,7.23541666667
345.99,6.97310833333,9.544,7.08892592593,4.09225,4.76833333333,8.66700000001,12.26325,9.97733333332,3.93733333334,7.21941666666
346.35,7.01611666667,9.57583333333,7.16285185185,4.11225,4.82808333333,8.71666666667,12.39775,10.0338333333,3.99583333333,7.28466666667
346.72,7.07618333333,9.69949999999,7.31263888889,4.22883333333,4.96408333333,8.80266666667,12.474,10.0971666667,4.1195,7.39608333333
347.08,7.04745,9.71016666668,7.32798148148,4.23441666667,5.03375,8.76033333333,12.4864166667,10.0541666667,4.13666666667,7.35775
347.45,7.088775,9.81999999999,7.33585185185,4.28191666667,5.06258333333,8.69766666667,12.6063333333,10.1175,4.18791666667,7.33566666666
347.81,7.00394166666,9.76283333333,7.28046296296,4.19858333333,4.9885,8.57525000001,12.62925,10.043,4.09516666667,7.31041666667
348.18,7.01231666667,9.81658333332,7.33702777778,4.18491666666,5.048,8.57724999999,12.7560833333,10.0805,4.05391666667,7.32258333334
348.54,7.18539166667,10.0086666667,7.53310185185,4.35716666667,5.22466666666,8.67641666667,12.9680833333,10.3351666667,4.28108333333,7.45825
348.91,7.212975,9.97508333332,7.52799074074,4.3095,5.1925,8.62366666667,12.90575,10.3215,4.16675,7.35125
349.27,7.20503333333,10.0750833333,7.59690740741,4.37125,5.24125,8.60758333334,13.0063333333,10.40825,4.13475,7.33441666666
349.64,7.29091666667,10.21025,7.69815740741,4.46308333333,5.30808333333,8.7135,13.1059166667,10.4441666667,4.24266666667,7.40391666667
350.00,7.594025,10.4125,7.99743518518,4.646,5.67825,8.993,13.4115833333,10.68475,4.55775,7.61083333333
350.37,7.4641,10.3648333333,7.94891666667,4.50316666667,5.63066666667,8.91566666666,13.3284166667,10.6005,4.48075,7.4635
350.73,7.38138333333,10.2891666667,7.82271296297,4.3775,5.60166666667,8.83141666667,13.306,10.5860833333,4.41283333333,7.35308333333
351.10,7.53561666667,10.4988333333,7.99916666666,4.47975,5.72575,9.03816666668,13.4960833333,10.8315,4.51025,7.49133333333
351.46,7.52465,10.5318333333,8.04651851852,4.48933333333,5.75808333333,9.11141666667,13.47075,10.85225,4.47916666667,7.51783333334
351.83,7.60276666667,10.6955833333,8.13848148148,4.55658333334,5.81866666667,9.15324999999,13.58925,10.9095833333,4.57216666666,7.61666666667
352.19,7.81540833333,10.9199166666,8.33855555556,4.78983333334,5.94125,9.28450000001,13.6685,11.052,4.787,7.83783333333
352.55,7.715375,10.91575,8.28942592593,4.68641666667,5.86108333334,9.29058333334,13.62375,10.9411666667,4.67358333333,7.73325
352.92,7.68914166667,10.9278333333,8.30411111111,4.70666666667,5.84833333333,9.30658333334,13.64575,10.9180833333,4.76133333334,7.74966666667
353.28,7.81796666666,11.0254166667,8.34371296297,4.71041666667,5.90875,9.38608333333,13.66375,10.96875,4.79366666667,7.87283333333
353.65,7.82723333334,11.11475,8.3322962963,4.69758333333,5.89883333333,9.41283333334,13.7275,11.03925,4.75083333333,7.93575
354.01,7.78171666666,11.1321666667,8.25766666667,4.59225,5.84933333334,9.34033333333,13.62175,10.9781666667,4.64383333334,7.93466666667
354.38,7.86345,11.2911666667,8.37357407407,4.69966666667,5.97975,9.43733333333,13.8074166667,11.1605,4.76883333333,8.09333333333
354.74,7.9608,11.4215833333,8.44943518518,4.83316666667,6.07166666667,9.50349999999,13.9234166667,11.2090833333,4.81866666667,8.16675
355.11,7.86755,11.3305833333,8.37856481482,4.7545,5.91991666667,9.37925,13.8893333333,11.0231666667,4.743,8.09033333332
355.47,7.78848333333,11.21775,8.33101851852,4.68983333333,5.78291666667,9.31291666667,13.8930833333,10.938,4.69491666667,7.95008333333
355.83,7.840925,11.2879166667,8.40792592592,4.75808333333,5.91033333334,9.48316666668,14.05875,11.07575,4.80866666667,7.97425
356.20,7.703125,11.1613333333,8.29312962963,4.63533333333,5.82608333333,9.40158333334,14.09025,11.0338333333,4.72141666667,7.8315
356.56,7.667075,11.1451666667,8.20065740741,4.58366666667,5.81608333333,9.32475,14.0575833333,11.0439166667,4.68141666667,7.79408333334
356.93,7.47519166667,10.9443333333,7.96268518519,4.3605,5.61775,9.19816666668,13.9393333333,10.8926666667,4.47333333333,7.59316666667
357.29,7.44919166667,10.9395833333,7.98246296296,4.38125,5.61816666667,9.18158333334,13.9654166667,10.9035,4.51591666667,7.55241666667
357.66,7.51198333334,10.9840833333,8.05751851852,4.45275,5.69525,9.22341666666,14.0491666667,10.9234166667,4.60033333333,7.50966666666
358.02,7.47344166667,10.9496666667,8.08842592592,4.49258333333,5.65133333333,9.18641666666,14.0626666667,10.9204166667,4.6385,7.4155
358.38,7.449075,10.93175,8.05443518518,4.43475,5.53,9.12566666668,13.9579166667,10.8403333333,4.54166666667,7.28366666666
358.75,7.41241666667,10.95675,8.11333333333,4.41516666667,5.54333333334,9.06791666666,13.907,10.8324166667,4.48175,7.26858333334
359.11,7.54673333334,11.0833333333,8.21793518519,4.5085,5.67508333333,9.19491666667,14.0393333333,10.9990833333,4.62883333333,7.34391666667
359.48,7.82608333333,11.4466666667,8.56966666667,4.75441666667,5.98266666667,9.44083333334,14.366,11.2976666667,4.85941666667,7.65816666667
359.84,7.88153333333,11.51,8.60701851852,4.74566666667,5.98816666667,9.40749999999,14.3085833334,11.2889166667,4.81466666667,7.63766666667
360.20,7.90241666667,11.5226666667,8.60446296297,4.74191666667,6.01208333333,9.41191666666,14.2833333333,11.2976666667,4.79008333333,7.65291666666
360.57,7.86335,11.5425,8.65105555556,4.75241666666,5.98433333333,9.42574999999,14.313,11.3006666667,4.75266666667,7.64433333333
360.93,7.930975,11.70375,8.80365740741,4.82566666667,6.14383333333,9.48916666668,14.4641666667,11.3845833333,4.85,7.74391666667
361.29,7.8943,11.7144166667,8.77915740741,4.75191666667,6.08808333333,9.50408333334,14.5101666667,11.36775,4.79041666667,7.72875
361.66,7.87905833334,11.69575,8.78515740741,4.68225,6.10933333333,9.52350000001,14.55275,11.4191666667,4.78133333333,7.7285
362.02,7.84213333333,11.7000833333,8.73308333333,4.60375,6.11725,9.50258333332,14.5351666666,11.3754166667,4.72041666667,7.73216666666
362.39,7.81171666667,11.64875,8.69356481481,4.56741666667,6.11925,9.48158333334,14.5216666667,11.3525,4.69958333334,7.7375
362.75,7.77921666667,11.6545,8.6407962963,4.50075,6.08016666667,9.48258333333,14.5615833333,11.3524166667,4.69408333333,7.69375
363.11,7.804075,11.732,8.70999074074,4.55791666667,6.14883333333,9.51875000001,14.63525,11.3655833333,4.7075,7.73358333333
363.48,7.60870833333,11.4856666667,8.40782407408,4.33833333333,5.9305,9.28425,14.371,11.1235,4.48341666667,7.51325
363.84,7.514875,11.4165833333,8.33899074074,4.24883333333,5.84683333333,9.20333333333,14.3858333333,11.0421666667,4.39166666667,7.45866666667
364.20,7.49930833334,11.5313333333,8.38342592593,4.24108333334,5.84008333333,9.22083333334,14.4053333333,11.03475,4.39308333333,7.40708333333
364.57,7.45868333334,11.5658333333,8.41616666666,4.2195,5.83516666667,9.19358333334,14.4098333333,11.0323333333,4.38191666667,7.31358333333
364.93,7.46411666666,11.6154166666,8.42144444445,4.27166666667,5.80725,9.19000000001,14.4110833333,11.01075,4.39391666666,7.27725
365.29,7.568525,11.7028333333,8.49762037037,4.37725,5.87158333333,9.21449999999,14.4925,11.0233333333,4.47875,7.34441666667
365.66,7.69463333333,11.8823333333,8.60693518518,4.49675,5.90341666667,9.33708333334,14.6056666667,11.0975,4.56658333334,7.41525
366.02,7.8091,12.0489166667,8.74157407408,4.62766666667,6.00583333333,9.44958333333,14.8088333333,11.1795833333,4.66383333333,7.47491666667
366.38,7.94205833333,12.2240833333,8.91419444445,4.77016666667,6.11908333333,9.56975000001,14.991,11.2806666667,4.80333333333,7.59025
366.75,8.05015000001,12.3973333333,9.09823148147,4.94158333334,6.24475,9.69066666666,15.1076666666,11.3949166667,4.89458333333,7.71533333333
367.11,8.0014,12.4294166667,9.09135185185,4.86325,6.20308333333,9.68125000001,15.1111666666,11.3255,4.83816666667,7.64783333333
367.47,8.08331666666,12.5619166667,9.2847037037,5.02416666666,6.35325,9.84774999999,15.2650833333,11.4538333333,4.96458333333,7.71633333333
367.84,8.13955833333,12.6645833333,9.38538888888,5.11416666667,6.42725,9.94225,15.2848333334,11.47775,5.01908333333,7.72016666666
368.20,8.07147499999,12.6166666667,9.34668518518,5.06775,6.39541666667,9.87641666667,15.2834166667,11.42575,4.97358333334,7.63975
368.56,8.20589166668,12.6845,9.39493518519,5.17591666667,6.55441666667,9.94041666668,15.4143333333,11.4615,5.093,7.77841666666
368.93,8.27903333333,12.78325,9.46669444445,5.22908333333,6.63058333333,10.01,15.49925,11.5220833333,5.11841666667,7.8585
369.29,8.30950833333,12.8928333334,9.55872222221,5.27408333333,6.73841666667,10.0711666667,15.566,11.616,5.15991666667,7.84616666667
369.65,8.30331666666,12.9123333333,9.6470462963,5.30233333333,6.83633333333,10.0399166667,15.6114166667,11.6875833333,5.19966666667,7.8555
370.01,8.38718333334,13.0115833333,9.76462037036,5.3595,6.91125,10.1059166667,15.6565833333,11.81825,5.31583333333,7.97191666667
370.38,8.36566666667,13.0315833333,9.73437037036,5.28358333333,6.8645,10.0594166667,15.6935833333,11.8051666666,5.23841666667,7.916
370.74,8.30708333334,12.9693333333,9.67690740741,5.17716666667,6.766,9.99333333333,15.6705833333,11.75475,5.18966666667,7.81383333334
371.10,8.31243333333,12.9894166667,9.71893518518,5.19458333333,6.78325,9.95599999999,15.72375,11.8405,5.208,7.83158333333
371.46,8.18760000001,12.92975,9.60012962963,5.02241666667,6.63191666667,9.80433333333,15.6371666666,11.7291666667,5.09833333333,7.71425
371.83,8.25835,13.052,9.73378703703,5.07575,6.71241666666,9.87400000001,15.8293333333,11.8905833333,5.21391666667,7.833
372.19,8.40585000001,13.2106666667,9.89723148149,5.1915,6.84225,10.0336666667,16.00525,12.0431666667,5.36658333333,8.0335
372.55,8.45688333332,13.3319166667,9.99920370371,5.22225,6.84983333333,10.0880833333,16.0789166667,12.1345,5.40516666667,8.06791666666
372.92,8.51750000001,13.4349166667,10.1088611111,5.23325,6.90116666667,10.1273333333,16.1861666666,12.26825,5.43241666667,8.08791666667
373.28,8.458425,13.3493333333,10.029712963,5.17725,6.81416666667,10.0185833333,16.1488333333,12.2340833333,5.34033333333,8.06583333333
373.64,8.48893333334,13.4473333334,10.00325,5.20691666667,6.781,9.98325000001,16.1793333333,12.24775,5.32066666667,8.137
374.00,8.37984166666,13.4326666667,9.93084259261,5.13241666667,6.69875,9.88925,16.1858333334,12.2195,5.19416666667,8.00491666667
374.37,8.34055,13.4381666666,9.92867592593,5.13125,6.71858333333,9.86733333332,16.167,12.2260833333,5.18116666666,7.98241666667
374.73,8.37280833333,13.5233333333,9.97681481481,5.17216666667,6.79475,9.89058333332,16.2630833333,12.2865833333,5.18725,8.022
375.09,8.42905833333,13.6551666667,10.0210833333,5.17275,6.82108333334,9.98158333333,16.31,12.2945833333,5.22883333333,8.05658333334
375.45,8.57890833332,13.875,10.1885185185,5.26275,6.94075,10.1098333333,16.55525,12.5068333333,5.28641666666,8.18775
375.81,8.60498333333,13.9224166666,10.1481203704,5.28283333333,6.95933333333,10.0949166667,16.5336666667,12.4916666667,5.24491666667,8.2055
376.18,8.58077499998,13.90025,10.1113240741,5.24966666667,6.91908333333,10.0133333333,16.5100833333,12.4478333333,5.17916666667,8.10308333334
376.54,8.58940000002,13.8858333333,10.0473518518,5.18958333333,6.92625,9.95708333334,16.52625,12.41175,5.15691666667,8.03566666667
376.90,8.53828333333,13.82,9.98839814816,5.10225,6.87733333333,9.898,16.51025,12.3233333333,5.10475,7.98833333333
377.26,8.55316666666,13.8761666667,10.0215925926,5.04908333333,6.90391666667,9.95250000001,16.5735,12.3010833333,5.09991666666,7.92958333333
377.63,8.47525000001,13.8573333333,9.99664814817,4.97416666667,6.86733333333,9.96308333334,16.5705,12.20625,5.04008333333,7.84833333333
377.99,8.58128333333,13.9473333333,10.0862037037,5.03491666666,6.94508333333,10.0591666667,16.6755833333,12.2289166667,5.13775,7.95166666666
378.35,8.63805833333,14.0435,10.1417222222,5.08708333333,6.98975,10.0978333333,16.8266666667,12.3051666667,5.16991666667,7.98175
378.71,8.72115000002,14.1589166667,10.2336481481,5.16066666666,7.04725,10.1675,16.91725,12.3561666666,5.24691666667,8.0385
379.07,8.67149166665,14.1099166667,10.2179907407,5.16825,7.01516666667,10.1095833333,16.9289166667,12.3279166667,5.19008333334,7.983
379.44,8.65376666666,14.0808333333,10.2186481482,5.15641666667,6.99666666667,10.0511666667,16.9145833333,12.2221666667,5.20133333334,7.979
379.80,8.626075,14.07525,10.2030740741,5.12541666667,6.96491666667,10.00025,16.9364166667,12.1814166667,5.18775,7.92941666667
380.16,8.54776666667,14.0471666667,10.1054074074,5.01125,6.8615,9.92141666668,16.8815,12.0473333333,5.06566666667,7.85916666666
380.52,8.45118333333,14.0415,10.1091018518,4.95258333333,6.75008333333,9.83891666666,16.8225833333,11.96675,4.96791666667,7.83133333333
380.88,8.54294166666,14.2185833334,10.2281388889,5.07533333333,6.8455,9.97641666666,16.9196666667,12.0623333333,5.05866666667,7.93783333333
381.24,8.58066666667,14.31625,10.3041111111,5.15241666667,6.88191666667,9.98083333334,16.9565,12.1485,5.09358333334,7.97358333334
381.61,8.61491666666,14.3420833333,10.2911018518,5.1745,6.91358333333,9.93158333333,16.9873333333,12.1804166667,5.04908333333,7.962
381.97,8.52659166667,14.305,10.202712963,5.10025,6.83891666667,9.82308333333,16.9343333333,12.1316666667,4.938,7.86966666667
382.33,8.57899166666,14.3955833334,10.2871574074,5.1475,6.90433333333,9.88166666668,16.9716666667,12.1244166667,5.01,7.91641666667
382.69,8.55212499998,14.3476666667,10.2813796296,5.0845,6.86,9.83,16.9784166667,12.0868333333,4.9975,7.87483333333
383.05,8.53096666667,14.3356666667,10.2085740741,4.96175,6.79541666667,9.76166666666,16.8986666667,12.0251666667,4.9375,7.8435
383.41,8.533975,14.38075,10.2496388889,4.98891666667,6.84375,9.84258333333,16.9218333334,12.0915,4.981,7.85808333333
383.77,8.55533333332,14.4314166666,10.283212963,4.9705,6.87991666667,9.87633333334,16.98825,12.1388333333,4.99533333333,7.86866666666
384.14,8.69640833333,14.5750833334,10.4673703704,5.0865,7.01791666667,9.98191666667,17.17,12.3155,5.15333333333,7.95141666666
384.50,8.80087500002,14.7195833333,10.5639537037,5.20683333333,7.15066666667,10.131,17.3286666667,12.4723333333,5.26225,8.04133333334
384.86,8.75304166667,14.6766666667,10.502712963,5.16916666666,7.10608333334,10.0398333333,17.3090833333,12.4024166666,5.19916666666,7.977
385.22,8.74111666667,14.7230833334,10.4733611111,5.15866666666,7.08758333333,10.0498333333,17.3651666667,12.3616666667,5.21783333333,7.9925
385.58,8.794925,14.777,10.5399722222,5.17083333333,7.12175,10.1181666667,17.4335833333,12.3994166667,5.31633333334,8.02533333333
385.94,8.94336666668,14.9481666666,10.7100833333,5.32391666667,7.27308333334,10.2718333333,17.5941666667,12.5455833333,5.47383333334,8.15583333334
386.30,8.97265833333,14.9915,10.7259351852,5.35925,7.32766666667,10.3175,17.6649166667,12.6181666667,5.51116666667,8.18541666666
386.66,9.05361666665,15.1290833333,10.7656203704,5.42341666667,7.407,10.37925,17.7483333333,12.6611666667,5.55533333333,8.23333333334
387.03,9.14185833334,15.2480833333,10.8988425926,5.54933333333,7.536,10.50725,17.93,12.7468333333,5.62241666667,8.32283333333
387.39,9.16965,15.3488333334,10.9273425926,5.56358333333,7.59091666666,10.52575,17.9949166667,12.791,5.62466666667,8.31200000001
387.75,9.20919166668,15.4616666667,11.0118148148,5.647,7.63366666667,10.58875,18.066,12.8236666667,5.64775,8.37375000001
388.11,9.104275,15.38475,10.9072962963,5.573,7.5415,10.50925,17.9811666667,12.6866666667,5.552,8.34291666667
388.47,9.09835833334,15.3995,10.9148796296,5.55808333334,7.53608333333,10.4600833333,17.9829166667,12.6439166667,5.5575,8.30591666667
388.83,9.14776666668,15.4696666667,10.9697407408,5.56725,7.5725,10.52425,18.09,12.7031666667,5.59825,8.32016666666
389.19,9.20635000001,15.5400833333,11.0542037037,5.60225,7.63475,10.5689166667,18.1730833333,12.74825,5.62916666667,8.34574999999
389.55,9.23226666667,15.63725,11.1278055556,5.67333333333,7.70158333333,10.6290833333,18.2695,12.80875,5.64683333333,8.38883333334
389.91,9.20501666668,15.6334166666,11.1342777778,5.64466666666,7.67275,10.619,18.26925,12.7904166667,5.62475,8.36324999999
390.27,9.17405000002,15.6563333334,11.1304814815,5.63066666667,7.61741666667,10.5736666667,18.2475,12.7563333333,5.58916666667,8.33275
390.63,9.17039999999,15.6649166667,11.1733240741,5.64183333334,7.60475,10.5769166667,18.30175,12.7856666667,5.60458333333,8.34524999999
391.00,9.19724166665,15.7708333333,11.2168333333,5.68525,7.64941666667,10.6005833333,18.3663333333,12.8580833334,5.68291666667,8.37783333333
391.36,9.23735000001,15.804,11.2299537037,5.70233333333,7.63916666667,10.6145,18.3959166666,12.8395833333,5.70633333333,8.39916666666
391.72,9.14424166667,15.6943333333,11.1379166666,5.56616666667,7.54741666667,10.487,18.308,12.75175,5.60958333333,8.25333333333
392.08,9.21560833334,15.84575,11.1994907407,5.59175,7.61325,10.5439166667,18.4249166667,12.837,5.63291666667,8.27708333334
392.44,9.246475,15.92225,11.263537037,5.62058333333,7.65216666667,10.62525,18.5130833334,12.903,5.66108333333,8.34591666667
392.80,9.28124166667,16.0221666667,11.336787037,5.69716666667,7.70691666667,10.6628333333,18.5578333333,12.9544166667,5.72575,8.38933333334
393.16,9.30564999998,16.09825,11.3805555556,5.74033333333,7.75958333333,10.68525,18.6180833333,13.0111666667,5.766,8.42708333332
393.52,9.381275,16.2025833333,11.4679444444,5.794,7.788,10.7206666667,18.6543333333,13.0589166667,5.84516666667,8.49233333334
393.88,9.38285833333,16.25175,11.4562407407,5.77141666667,7.76916666667,10.6970833333,18.6964166667,13.03925,5.8385,8.48475000001
394.24,9.36255833332,16.2900833333,11.4481388889,5.73958333334,7.74883333333,10.68475,18.691,13.02325,5.82491666667,8.43683333332
394.60,9.29523333333,16.2905,11.3903796296,5.66233333333,7.71058333334,10.651,18.6395,12.99775,5.75091666667,8.37766666666
394.96,9.223675,16.2445833333,11.331712963,5.59816666666,7.62816666667,10.5976666667,18.5875833333,12.93375,5.68441666667,8.28383333334
395.32,9.22007499998,16.2839166667,11.34825,5.57766666667,7.61725,10.5723333333,18.6285833333,12.938,5.66708333333,8.27516666667
395.68,9.351225,16.47725,11.4607222223,5.6885,7.7035,10.7165833333,18.7848333333,13.0589166667,5.8035,8.36708333334
396.04,9.42654166665,16.6004166667,11.5570277778,5.77741666667,7.80566666667,10.78275,18.8854166666,13.1270833333,5.89308333333,8.44125000001
396.40,9.50619166666,16.705,11.6080185185,5.82591666667,7.8485,10.813,18.9610833333,13.1695,5.95108333334,8.47350000001
396.76,9.51507499999,16.7458333333,11.6101481481,5.80916666667,7.83858333334,10.7968333333,18.982,13.15025,5.92241666667,8.47241666667
397.12,9.44016666667,16.6795,11.5572685185,5.68641666667,7.73108333334,10.7065833333,18.9088333333,13.0635833333,5.83833333334,8.37691666667
397.48,9.36923333334,16.6905,11.510712963,5.60641666666,7.72416666666,10.66125,18.9585833333,13.0251666667,5.76783333333,8.32650000001
397.84,9.37595833333,16.7538333333,11.5356111111,5.615,7.759,10.6568333333,19.0354166667,13.0568333333,5.76366666667,8.33725000001
398.20,9.41246666667,16.7903333333,11.5786851852,5.60991666667,7.80025,10.6756666667,19.137,13.0681666667,5.76208333333,8.38966666667
398.56,9.42821666665,16.8138333333,11.624212963,5.639,7.83458333333,10.68575,19.1935,13.0644166666,5.80058333333,8.40666666666
398.92,9.46644166667,16.8773333334,11.6585462963,5.65741666667,7.85316666666,10.7011666667,19.2814166666,13.099,5.81858333333,8.44841666666
399.28,9.44951666667,16.9214166667,11.6313796296,5.65983333334,7.82116666667,10.6843333333,19.3074166666,13.0945833333,5.82508333333,8.42174999999
399.64,9.37369166668,16.8931666667,11.6095462963,5.63566666667,7.78941666667,10.6179166667,19.3255833334,13.0478333333,5.76291666667,8.40174999999
400.00,9.31249166667,16.8575833334,11.6036851852,5.60858333333,7.73041666667,10.59575,19.2993333333,13.0733333333,5.71141666667,8.36683333332
400.36,9.24257500001,16.8510833334,11.5746481482,5.535,7.68008333334,10.5730833333,19.3264166667,13.03425,5.63783333333,8.31349999999
400.72,9.21088333334,16.8928333333,11.6007962963,5.53675,7.69866666666,10.5695,19.3636666667,13.06725,5.66058333333,8.29725000001
401.08,9.30934166668,17.0275,11.6971111111,5.656,7.83175,10.681,19.5183333334,13.169,5.74383333333,8.38624999999
401.44,9.3257,17.063,11.7220185185,5.67758333333,7.848,10.7035833333,19.5389166667,13.2003333333,5.7655,8.40341666666
401.80,9.32148333333,17.0739166667,11.7328148148,5.68025,7.87625,10.7416666667,19.5706666666,13.1934166667,5.7655,8.35941666667
402.16,9.40348333333,17.2156666667,11.8445277778,5.78116666667,7.96133333334,10.8441666667,19.6765833333,13.2779166667,5.848,8.42566666666
402.52,9.51051666667,17.3731666667,11.9328148148,5.89583333333,8.03458333333,10.9401666667,19.8255833334,13.3786666667,5.91925,8.49058333333
402.88,9.49084166668,17.3876666667,11.9467314815,5.88175,8.04766666667,10.9063333333,19.8150833333,13.3723333333,5.89225,8.45558333334
403.24,9.48296666668,17.4224166667,11.9821018519,5.865,8.07366666666,10.9051666667,19.8645,13.3699166667,5.87341666667,8.46291666667
403.60,9.483825,17.4519166667,11.9914629629,5.85241666667,8.10491666667,10.9089166667,19.8601666666,13.3729166667,5.85591666667,8.46733333333
403.95,9.56144166668,17.57975,12.0800462963,5.93691666667,8.16875,10.9946666667,19.98325,13.4195833333,5.92741666667,8.52875
404.31,9.58738333333,17.6240833334,12.1103888889,5.99625,8.202,11.0221666667,20.001,13.4255833333,5.968,8.55333333334
404.67,9.61535833334,17.65575,12.1225462963,6.01266666666,8.20216666667,11.0691666667,20.0569166667,13.43725,5.96183333333,8.57566666667
405.03,9.66149166667,17.7233333333,12.1402685185,6.03433333333,8.20975,11.0993333333,20.09975,13.4553333333,5.99166666667,8.59424999999
405.39,9.73288333333,17.8194166666,12.2253425926,6.1235,8.27458333334,11.1686666667,20.1913333333,13.5120833333,6.04458333333,8.62958333333
405.75,9.76415833332,17.9021666667,12.2648703703,6.14741666667,8.27325,11.1748333333,20.2006666667,13.5561666667,6.05525,8.65775000001
406.11,9.74435000001,17.90275,12.2425648148,6.1065,8.24733333333,11.1541666667,20.226,13.5089166667,6.01183333333,8.62708333333
406.47,9.76089166667,17.9635,12.2928796297,6.08883333333,8.27291666667,11.17325,20.2698333333,13.5350833333,6.019,8.65266666667
406.83,9.82355833335,18.06625,12.3362962963,6.18425,8.34233333334,11.2461666667,20.3481666667,13.5855,6.09333333333,8.71391666666
407.19,9.88190833333,18.1256666667,12.4149814815,6.25683333333,8.409,11.3125,20.4233333333,13.652,6.16166666667,8.77025000001
407.55,9.97653333333,18.2480833333,12.4989444445,6.3345,8.4655,11.3880833333,20.5305833334,13.7328333333,6.24175,8.82166666666
407.90,9.99644166667,18.2663333334,12.5069814815,6.34833333333,8.47141666667,11.3828333333,20.5373333333,13.7583333333,6.26791666667,8.82650000001
408.26,10.0558916667,18.3515,12.5938240741,6.37925,8.50483333333,11.437,20.6374166667,13.843,6.29883333333,8.86216666667
408.62,10.1309416667,18.4954166667,12.7135185185,6.45241666667,8.57916666666,11.4825833334,20.7254166667,13.9225,6.37166666667,8.93375
408.98,10.1005833333,18.4924166667,12.7443240741,6.44983333334,8.57074999999,11.4719166667,20.7331666667,13.9065,6.37458333333,8.91700000001
409.34,10.0949833333,18.50475,12.7507407408,6.40175,8.50941666667,11.4493333333,20.75675,13.8850833333,6.34341666667,8.89858333332
409.70,10.0795,18.5436666667,12.7679074074,6.41516666667,8.53183333334,11.4685833333,20.81675,13.87225,6.34791666667,8.92716666666
410.06,10.0903416667,18.5605,12.806712963,6.43325,8.55425000001,11.4648333333,20.8435833333,13.9213333333,6.3755,8.92599999999
410.42,10.0281333333,18.5049166667,12.7258148148,6.37808333333,8.49,11.3876666667,20.7935,13.8390833333,6.30025,8.84391666666
410.77,10.0301333333,18.5220833333,12.7502314815,6.32191666667,8.45441666667,11.3775833333,20.8330833334,13.8069166667,6.25166666666,8.82966666667
411.13,10.05745,18.574,12.7552592592,6.32866666666,8.47008333333,11.3733333333,20.8445,13.80725,6.24066666666,8.86433333333
411.49,10.0858166667,18.6203333334,12.8040833334,6.34866666667,8.4915,11.3966666667,20.907,13.8326666667,6.26333333333,8.87691666667
411.85,10.08195,18.6896666666,12.8340925926,6.31775,8.50308333334,11.4106666667,20.98875,13.8155833334,6.252,8.85399999999
412.21,10.037525,18.705,12.7911851852,6.27658333333,8.50025,11.3665833333,20.9939166667,13.75225,6.21191666667,8.82533333333
412.57,9.94624166668,18.63475,12.6579074074,6.16691666667,8.375,11.2529166667,20.9143333333,13.6605,6.10933333333,8.71716666667
412.92,9.98394999998,18.7161666667,12.7015648148,6.18516666667,8.40883333334,11.2644166667,20.974,13.71,6.11325,8.76666666668
413.28,9.98496666667,18.7521666666,12.6903611111,6.18625,8.43808333333,11.2559166667,21.0001666666,13.7065,6.108,8.75408333332
413.64,10.0158333333,18.8035,12.7334537037,6.20266666667,8.433,11.26025,21.0599166667,13.7293333333,6.13416666667,8.7355
414.00,10.0612416667,18.9303333333,12.7448981481,6.226,8.44008333333,11.2988333333,21.1281666667,13.7615833333,6.149,8.75008333334
414.36,10.135175,19.0660833333,12.8497592593,6.30366666667,8.5315,11.3815,21.2334166667,13.85225,6.23491666667,8.82391666667
414.72,10.1823166667,19.1516666667,12.9058425926,6.38125,8.58224999999,11.43125,21.2835833334,13.9284166667,6.31308333333,8.88199999999
415.07,10.2100666667,19.2418333333,12.9361481482,6.40433333333,8.59674999999,11.4699166667,21.3389166667,13.9645833333,6.36116666667,8.8685
415.43,10.1722666666,19.2335833333,12.9169351852,6.38658333333,8.56325,11.469,21.34675,13.93675,6.33783333333,8.86616666667
415.79,10.19455,19.2739166666,12.9284166666,6.41858333333,8.5795,11.477,21.3854166667,13.9668333333,6.34233333333,8.88733333334
416.15,10.23695,19.32375,12.9745833334,6.44441666667,8.59924999999,11.491,21.4145,13.9973333333,6.36066666667,8.8985
416.51,10.273325,19.37525,13.0366018518,6.44258333333,8.66033333332,11.5523333333,21.49425,14.00775,6.37525,8.92341666667
416.86,10.270575,19.4520833333,13.0689166667,6.47591666667,8.64583333333,11.5903333333,21.5560833333,14.0238333333,6.4055,8.91608333333
417.22,10.2909166667,19.5084166667,13.1051203704,6.5075,8.67008333333,11.6426666667,21.6153333334,14.0703333333,6.44816666667,8.93583333334
417.58,10.3077416667,19.5595,13.1167222222,6.50975,8.67983333334,11.64475,21.63225,14.08225,6.43766666667,8.96075000001
417.94,10.323775,19.5896666667,13.155287037,6.537,8.72766666666,11.6648333333,21.67225,14.1085833333,6.4705,8.98191666667
418.29,10.304275,19.6030833333,13.1552129629,6.54991666667,8.71175000001,11.6690833333,21.6729166666,14.1071666667,6.46183333333,8.96308333334
418.65,10.3106333333,19.64525,13.1853240741,6.5425,8.71641666668,11.67325,21.71825,14.1255,6.46266666667,8.95641666668
419.01,10.3026666667,19.6571666667,13.2103611111,6.55158333333,8.71816666667,11.67625,21.73675,14.1264166666,6.45783333334,8.94725000001
419.37,10.3324,19.7218333333,13.2486666667,6.58958333333,8.74991666666,11.7019166667,21.7989166667,14.15475,6.48825,8.95441666666
419.73,10.349425,19.754,13.2812222222,6.60508333334,8.76975000001,11.72275,21.81975,14.1638333333,6.50275,8.95700000001
420.08,10.331025,19.7686666666,13.2942407407,6.5925,8.77041666667,11.7344166667,21.8425,14.1528333333,6.50625,8.95250000001
420.44,10.3439,19.8255833333,13.3252592593,6.63983333333,8.799,11.7536666667,21.8945,14.18725,6.54016666666,8.96666666667
420.80,10.360275,19.84375,13.3334074074,6.65516666667,8.82191666666,11.7553333333,21.9030833333,14.1931666667,6.54058333333,8.97708333333
421.16,10.3721666667,19.8995,13.3663425926,6.665,8.8415,11.7733333333,21.9469166667,14.2074166667,6.54425,8.97941666668
421.51,10.3898166667,19.914,13.3861481481,6.68291666667,8.86733333334,11.7863333333,21.98075,14.2176666667,6.5605,8.98083333332
421.87,10.361175,19.9061666667,13.3870185185,6.66883333333,8.84233333334,11.7676666667,21.9708333333,14.1993333333,6.5375,8.95099999999
422.23,10.3645333333,19.934,13.4066388889,6.65875,8.85474999999,11.7610833333,22.0015,14.1985,6.5365,8.95574999999
422.58,10.3699833333,19.9769166667,13.4294259259,6.67075,8.87441666667,11.7776666667,22.0379166667,14.2096666667,6.54391666667,8.95824999999
422.94,10.3717583333,19.998,13.4355185185,6.66533333333,8.86616666667,11.7603333333,22.057,14.2015,6.5265,8.94641666666
423.30,10.3530583333,20.0185,13.4215555556,6.64266666667,8.85766666667,11.7388333333,22.0483333334,14.1755,6.49733333333,8.93183333332
423.66,10.3535333334,20.0469166667,13.4289814815,6.63558333333,8.8585,11.72625,22.06625,14.17875,6.50308333333,8.94016666666
424.01,10.3682666667,20.1064166667,13.4597037037,6.67816666667,8.88616666668,11.7346666667,22.11475,14.2094166667,6.53416666666,8.94266666668
424.37,10.379125,20.1514166667,13.4816203703,6.69175,8.88975000001,11.74425,22.1318333333,14.216,6.53866666666,8.95125000001
424.73,10.395425,20.2059166667,13.5145925926,6.6935,8.91241666666,11.7663333333,22.1848333333,14.2435,6.54366666667,8.95858333333
425.08,10.385725,20.213,13.5292962963,6.69958333333,8.91333333333,11.7583333333,22.1893333333,14.23025,6.55208333334,8.95033333333
425.44,10.3990333333,20.27825,13.5694351852,6.7255,8.93316666666,11.78175,22.2353333333,14.254,6.58075,8.96774999999
425.80,10.4411166667,20.3788333334,13.6244259259,6.765,8.97875,11.81325,22.2975833333,14.297,6.62133333333,9.01683333332
426.16,10.4635083333,20.4413333333,13.6490277778,6.786,8.98733333332,11.83575,22.34775,14.31025,6.63858333334,9.03108333334
426.51,10.4888583333,20.4989166667,13.6642407407,6.79275,9.00608333334,11.8414166667,22.3870833333,14.3213333334,6.65275,9.04716666668
426.87,10.543925,20.60925,13.7396666666,6.85275,9.08191666666,11.9011666667,22.495,14.3766666667,6.71716666667,9.11158333333
427.23,10.5649333333,20.6574166667,13.7745092593,6.86658333333,9.09366666667,11.9006666667,22.5320833333,14.409,6.7505,9.13558333333
427.58,10.5728083333,20.7139166667,13.8049259259,6.89975,9.10766666667,11.9228333333,22.5884166667,14.4090833333,6.77433333333,9.13991666666
427.94,10.6148416667,20.80475,13.8353703704,6.89833333333,9.12849999999,11.9513333333,22.6345,14.43375,6.77775,9.16433333333
428.30,10.6263333333,20.8164166667,13.8300092592,6.88183333333,9.13,11.9150833333,22.6476666667,14.4254166667,6.76941666667,9.15575
428.65,10.6131083333,20.8549166666,13.8355462963,6.87966666666,9.12216666668,11.9058333333,22.6645833333,14.4203333333,6.77216666667,9.15375
429.01,10.5988083333,20.9296666667,13.8365277778,6.86008333333,9.10741666668,11.89425,22.69375,14.43925,6.74566666666,9.14958333333
429.37,10.6093083333,20.9951666667,13.8532777778,6.85833333333,9.13166666666,11.9109166667,22.7609166667,14.4530833333,6.73566666667,9.14108333334
429.72,10.64585,21.05325,13.879462963,6.87166666667,9.15775000001,11.9478333333,22.8525833333,14.48025,6.74983333333,9.15566666667
430.08,10.673,21.12575,13.9340555556,6.90775,9.20516666666,11.9725833333,22.91725,14.5213333333,6.7805,9.17450000001
430.44,10.6858333334,21.1765,13.9767407408,6.95325,9.21999999999,11.9945833333,22.9824166666,14.5478333333,6.79825,9.18333333334
430.79,10.707875,21.2491666666,14.0232222222,6.9735,9.23824999998,12.0345833333,23.0143333333,14.5651666667,6.82966666667,9.21250000001
431.15,10.74945,21.3275833333,14.1026851852,7.01558333333,9.288,12.1031666667,23.1109166667,14.6068333333,6.86866666666,9.238
431.50,10.7506083333,21.3641666667,14.1308333333,6.98958333334,9.29550000002,12.1084166667,23.144,14.6124166667,6.84816666667,9.22300000001
431.86,10.7516333333,21.3711666667,14.139287037,7.00375,9.28675,12.1135833333,23.1570833333,14.6218333333,6.8495,9.23416666667
432.22,10.7574166667,21.4336666667,14.1759166667,7.01591666667,9.30633333334,12.1581666667,23.2354166667,14.6271666667,6.85741666667,9.24683333333
432.57,10.75015,21.4613333333,14.1913796296,7.01883333333,9.31391666666,12.1621666666,23.2723333334,14.6218333334,6.85933333333,9.23866666666
432.93,10.7480833333,21.43825,14.1759814815,7.00333333333,9.29283333333,12.1203333334,23.2653333334,14.59475,6.84075,9.23524999999
433.29,10.7278666666,21.43875,14.1712407408,6.97141666667,9.26074999999,12.0996666667,23.2534166667,14.57125,6.81666666667,9.20341666668
433.64,10.6959333333,21.4328333333,14.1592592593,6.94016666667,9.20766666667,12.0746666667,23.2188333333,14.5305833334,6.78941666666,9.17516666666
434.00,10.677575,21.4421666667,14.1416851852,6.91608333334,9.17208333333,12.0449166667,23.21,14.4960833333,6.76575,9.15041666667
434.35,10.6576083333,21.4435,14.1354907407,6.89091666667,9.15216666666,12.0253333333,23.1796666667,14.4660833333,6.75966666667,9.13716666667
434.71,10.6172833333,21.4296666667,14.0922777777,6.85416666666,9.12199999999,11.9799166666,23.179,14.44675,6.70341666667,9.07641666667
435.07,10.60535,21.4668333333,14.0894444445,6.85491666667,9.12941666667,11.991,23.1928333334,14.4461666667,6.70133333334,9.07649999999
435.42,10.6232333333,21.5416666667,14.110962963,6.878,9.15458333333,12.0076666667,23.221,14.4733333333,6.72125,9.09833333333
435.78,10.604425,21.5565,14.0905555556,6.85258333333,9.14066666667,11.97575,23.2205,14.4425833334,6.70408333333,9.08583333332
436.13,10.6122666667,21.59,14.1006574074,6.84075,9.13033333334,11.9674166667,23.2366666667,14.4528333334,6.70566666667,9.07433333333
436.49,10.6312,21.6281666667,14.0952037037,6.83158333333,9.12250000001,11.9568333333,23.25275,14.4505,6.70733333333,9.05008333333
436.84,10.7218,21.7739166666,14.189712963,6.91633333333,9.21508333333,12.0505,23.3689166667,14.5340833333,6.79491666667,9.12174999999
437.20,10.7769333333,21.8505,14.2305833334,6.97691666667,9.24875,12.0846666667,23.4195833334,14.5843333333,6.85308333333,9.18674999999
437.56,10.799525,21.9010833333,14.26475,6.98933333333,9.28066666667,12.0970833333,23.4673333334,14.6129166667,6.88025,9.19941666667
437.91,10.856925,21.9840833333,14.319,7.01941666667,9.32275,12.14375,23.55875,14.6703333333,6.92216666667,9.24049999999
438.27,10.9044166667,22.07075,14.3824537037,7.06775,9.37024999999,12.1945833333,23.6396666667,14.72825,6.95925,9.27624999999
438.62,10.9203833333,22.134,14.4022592593,7.09491666667,9.37758333334,12.2220833333,23.6736666666,14.7434166666,7.00408333333,9.29616666667
438.98,10.951075,22.1701666666,14.4297685185,7.10208333333,9.37524999999,12.2199166667,23.7025833333,14.74625,7.02449999999,9.30066666666
439.33,10.94915,22.1970833333,14.4544444445,7.13316666667,9.38266666666,12.2226666667,23.7439166667,14.7606666666,7.03916666668,9.30999999999
439.69,10.9897,22.2791666666,14.5225648148,7.17933333333,9.41266666667,12.2743333333,23.8313333334,14.8235,7.07583333333,9.33283333334
440.04,11.0180333333,22.35925,14.5815925926,7.22283333334,9.45049999999,12.328,23.8896666667,14.87675,7.12000000001,9.36991666667
440.40,11.0553416667,22.4270833333,14.6487037037,7.27216666667,9.49783333335,12.371,23.9465,14.9118333333,7.14658333332,9.42166666667
440.75,11.0713833333,22.47225,14.6732222222,7.27991666667,9.51366666666,12.3736666667,23.9855,14.9186666667,7.14800000001,9.41875000001
441.11,11.0598416667,22.4951666667,14.6884907407,7.27958333333,9.52591666667,12.3895833333,24.0070833333,14.9190833333,7.15683333333,9.40291666666
441.47,11.12055,22.5885833333,14.7448703704,7.33941666667,9.57591666668,12.4355,24.1045,14.97425,7.18683333334,9.43608333332
441.82,11.1094666667,22.61525,14.7595,7.35491666666,9.58833333334,12.4488333333,24.118,14.9785,7.19783333332,9.44516666666
442.18,11.089475,22.66,14.7585833333,7.32891666667,9.57166666666,12.4365833333,24.1495,14.9720833333,7.18566666667,9.418
442.53,11.0983416667,22.7079166667,14.7960462963,7.31808333334,9.59425000002,12.45125,24.1999166667,14.99475,7.16975,9.40741666666
442.89,11.1078666667,22.76875,14.81575,7.32525,9.60999999998,12.4649166667,24.2554166667,15.0175833333,7.16216666666,9.42266666667
443.24,11.1130083333,22.80325,14.8168240741,7.29608333333,9.60016666667,12.4649166667,24.2870833333,15.0054166666,7.13825000001,9.40533333333
443.60,11.1123333333,22.8353333334,14.8082777778,7.29025,9.59491666666,12.45775,24.2936666667,14.9775833334,7.12191666666,9.39758333333
443.95,11.1228083334,22.8765833333,14.807537037,7.30625,9.594,12.46625,24.3381666667,14.9843333334,7.11641666667,9.40949999999
444.31,11.11885,22.9070833333,14.790212963,7.27691666667,9.56449999999,12.4508333333,24.3548333333,14.9848333334,7.10466666666,9.40349999999
444.66,11.1215,22.9575833333,14.8145925926,7.2925,9.55458333333,12.4828333333,24.4033333333,15.0055833333,7.11666666666,9.42474999999
445.02,11.10155,22.9803333333,14.7978981482,7.27891666667,9.53050000001,12.45625,24.417,14.98475,7.07908333333,9.4035
445.37,11.015775,22.929,14.7323518519,7.22033333333,9.4565,12.4023333333,24.3405833333,14.9118333333,7.02,9.33591666667
445.72,11.0122416667,22.9485833334,14.7364814815,7.20208333333,9.43666666668,12.3805,24.35375,14.90025,6.99325,9.31208333333
446.08,11.0318416667,22.98075,14.748537037,7.223,9.43941666665,12.3773333333,24.3716666667,14.9070833333,6.98683333333,9.32975000001
446.43,11.0309333333,23.0045833333,14.7623518518,7.233,9.42608333334,12.3681666667,24.3846666666,14.9090833334,6.99741666667,9.34366666667
446.79,11.0412833333,23.048,14.7862592593,7.264,9.45491666668,12.3856666667,24.39425,14.9241666667,7.01250000001,9.34258333332
447.14,11.0476416667,23.10125,14.8019907407,7.28141666667,9.46208333333,12.39325,24.4150833333,14.9361666667,7.02500000001,9.34725000001
447.50,11.0834166667,23.1684166667,14.8552314815,7.32283333333,9.5035,12.4224166667,24.4680833333,14.98325,7.06841666667,9.38291666666
447.85,11.0702666667,23.1939166667,14.8691388889,7.29541666666,9.49533333333,12.3918333333,24.4703333333,14.961,7.05650000001,9.348
448.21,11.091425,23.272,14.91675,7.33625,9.53283333332,12.4323333333,24.5325833333,14.9805,7.08391666666,9.37125000001
448.56,11.0913166667,23.3008333333,14.9191574074,7.33175,9.53183333333,12.4166666667,24.53425,14.9721666667,7.08291666668,9.35699999999
448.92,11.1166416667,23.3599166667,14.9647314815,7.35091666667,9.55249999999,12.4428333333,24.5635,14.984,7.10775000001,9.3905
449.27,11.1939166667,23.4720833333,15.0474351852,7.41558333333,9.63141666667,12.49575,24.6655,15.0470833333,7.16708333332,9.46174999999
449.62,11.2252833333,23.5455,15.0894259259,7.44916666667,9.66574999998,12.5435833333,24.724,15.08525,7.20358333334,9.49233333332
449.98,11.2422166667,23.6145,15.1369259259,7.46408333334,9.70025000001,12.5879166667,24.7780833334,15.0890833333,7.23875,9.49866666666
450.33,11.2716666667,23.6855,15.1689351852,7.488,9.73625,12.6231666666,24.82775,15.1056666667,7.25025,9.51591666666
450.69,11.258625,23.7454166667,15.1800462963,7.47191666667,9.7195,12.6129166667,24.8786666667,15.10975,7.25316666667,9.51275
451.04,11.2711583333,23.7750833333,15.2011574074,7.48091666667,9.71416666668,12.6258333333,24.9186666666,15.1195,7.2665,9.52141666666
451.40,11.2501833333,23.819,15.1912314815,7.45483333334,9.69733333334,12.6145,24.9571666667,15.1084166666,7.24900000001,9.49683333334
451.75,11.2893833333,23.8735,15.2332962963,7.4945,9.72075000002,12.64975,25.0149166667,15.1425,7.27358333333,9.52416666668
452.10,11.2737166667,23.8813333333,15.2234351852,7.49175,9.71099999999,12.6294166667,25.0128333334,15.1465833333,7.27491666666,9.49808333333
452.46,11.2601083333,23.8986666667,15.2381759259,7.48675,9.71175000001,12.6283333333,25.0268333333,15.1355,7.27183333333,9.48550000001
452.81,11.310375,24.0123333333,15.3073240741,7.5345,9.76383333332,12.6555,25.1270833333,15.1801666667,7.30858333333,9.52841666666
453.17,11.3473916667,24.10825,15.3693055556,7.58275,9.79158333333,12.6963333333,25.2125,15.2345,7.35258333333,9.57458333333
453.52,11.4021833333,24.1914166667,15.4115833333,7.61541666667,9.82658333333,12.738,25.2625,15.2696666667,7.39441666667,9.62216666667
453.87,11.4384,24.2413333333,15.4424444445,7.64291666667,9.85366666666,12.7465833333,25.3208333334,15.3159166667,7.40291666666,9.66591666667
454.23,11.4520583333,24.2840833334,15.4645648148,7.66558333334,9.8565,12.75025,25.3651666666,15.3223333333,7.42075000001,9.66866666667
454.58,11.48255,24.3459166667,15.4928055555,7.68841666667,9.86866666666,12.77925,25.413,15.341,7.43166666667,9.68383333333
454.93,11.5131666667,24.4478333334,15.5406018519,7.72708333333,9.92025000001,12.8185833333,25.4860833333,15.3918333334,7.47183333332,9.71058333334
455.29,11.5261333333,24.4771666667,15.5613611111,7.73341666666,9.92616666665,12.8419166667,25.5215,15.4006666667,7.47533333333,9.70958333333
455.64,11.5341,24.5340833333,15.5780277778,7.75608333333,9.94866666667,12.85375,25.54575,15.4225833333,7.50758333333,9.72333333333
456.00,11.5637583333,24.6103333333,15.6214537037,7.77383333333,9.97275000002,12.8641666667,25.6064166667,15.4576666667,7.52124999999,9.75658333333
456.35,11.5555916667,24.6263333333,15.6051018518,7.77058333333,9.95358333334,12.8585,25.6130833333,15.44,7.51883333334,9.73808333334
456.70,11.5368416667,24.6358333333,15.5890833333,7.73933333333,9.91533333334,12.8575,25.616,15.44925,7.51766666667,9.71016666668
457.06,11.4930583333,24.6229166667,15.5597962963,7.68475,9.88749999998,12.8324166667,25.5880833333,15.4055833334,7.4645,9.66999999999
457.41,11.5048166667,24.6874166667,15.5924722223,7.71241666667,9.91008333333,12.8556666667,25.67325,15.4208333333,7.48158333334,9.69233333332
457.76,11.481325,24.7018333333,15.5675833333,7.69491666667,9.88483333332,12.8481666667,25.6686666667,15.3985,7.48016666666,9.66191666666
458.12,11.468025,24.7295833333,15.5536759259,7.65816666667,9.84633333334,12.8385833333,25.671,15.3901666666,7.45558333332,9.64674999999
458.47,11.467575,24.7424166667,15.5602777778,7.66125,9.83558333333,12.82125,25.6786666666,15.3926666666,7.45425,9.65341666667
458.82,11.4779,24.75025,15.5675462963,7.65958333333,9.83650000001,12.8355,25.687,15.39225,7.44925000001,9.66291666666
459.18,11.4891833333,24.7818333334,15.5995,7.69125,9.84666666666,12.85,25.7056666667,15.3934166667,7.46858333334,9.6925
459.53,11.4828333333,24.8174166667,15.6101759259,7.697,9.83916666666,12.8559166667,25.7308333333,15.39525,7.46774999999,9.6865
459.88,11.4647666667,24.8199166667,15.6199722222,7.69591666667,9.82566666666,12.85425,25.7255833333,15.366,7.452,9.66558333333
460.24,11.4751833333,24.8708333333,15.6412037037,7.69533333334,9.85058333332,12.8529166667,25.7559166667,15.3804166667,7.44775000001,9.68258333334
460.59,11.48485,24.9239166667,15.6698796296,7.72683333333,9.88149999999,12.8718333333,25.7843333333,15.3849166666,7.46483333334,9.69108333333
460.94,11.4905166667,24.9675,15.6833425926,7.74083333333,9.89083333334,12.8725833333,25.8015833333,15.3838333333,7.49008333332,9.6845
461.29,11.4631916666,24.9769166666,15.6838148148,7.73266666667,9.87924999999,12.84225,25.7685,15.3736666667,7.48008333333,9.6655
461.65,11.49585,25.058,15.7543703703,7.78033333334,9.93525000001,12.8835833333,25.8265,15.4173333333,7.50391666667,9.70441666666
462.00,11.5112916667,25.116,15.8136759259,7.82608333333,9.99625,12.9108333334,25.8669166666,15.4319166667,7.54433333333,9.73075
462.35,11.5073583333,25.1724166667,15.8458425926,7.82533333333,10.0116666667,12.9291666666,25.9109166667,15.43075,7.55150000001,9.72516666667
462.71,11.519925,25.24875,15.895,7.83925,10.0299166666,12.93625,25.9603333334,15.4345,7.55216666667,9.72641666668
463.06,11.5552083333,25.3309166667,15.9181388889,7.8485,10.06675,12.9355833333,26.0005833333,15.4625,7.56683333333,9.73683333333
463.41,11.5832666667,25.37975,15.9504722222,7.87608333333,10.0786666667,12.93675,26.02575,15.4688333334,7.56583333334,9.73891666666
463.76,11.6207416666,25.4688333333,15.9797222222,7.893,10.1065,12.9710833334,26.07725,15.5051666667,7.59583333333,9.76116666668
464.12,11.6347833333,25.5339166667,16.0096759259,7.90833333333,10.1230833333,12.97725,26.1373333333,15.523,7.60408333332,9.77366666668
464.47,11.6403333334,25.5285,15.9960648148,7.882,10.1099166667,12.9543333333,26.1434166667,15.5156666667,7.57258333334,9.75816666668
464.82,11.6953666667,25.6051666667,16.0623333333,7.9365,10.1514166667,12.9998333333,26.2356666667,15.59375,7.60741666667,9.81508333333
465.17,11.6878416666,25.646,16.0792222222,7.92833333333,10.1311666667,13.0018333334,26.2560833334,15.5770833333,7.58583333333,9.79233333334
465.53,11.6878166667,25.6611666666,16.0719814815,7.92675,10.11975,12.9931666666,26.2845,15.5809166667,7.59175000001,9.77291666667
465.88,11.7123916666,25.7285833333,16.0871759259,7.96558333333,10.1259166667,13.01525,26.3249166667,15.6141666667,7.59699999999,9.78658333332
466.23,11.7381583333,25.7708333334,16.1061203703,7.98883333333,10.1445,13.0268333333,26.3451666667,15.6368333333,7.59941666666,9.79716666668
466.58,11.721725,25.8048333333,16.0983611111,7.981,10.1389166667,13.005,26.3521666666,15.628,7.60891666668,9.80050000001
466.94,11.6993083334,25.8233333333,16.1053148148,7.96416666667,10.1238333333,13.0110833333,26.389,15.6210833333,7.59533333334,9.78350000001
467.29,11.71585,25.914,16.1408703704,7.97075,10.1705833333,13.0353333333,26.4796666667,15.6705833333,7.63041666667,9.84483333333
467.64,11.723725,25.9704166667,16.1668981482,7.98416666667,10.1696666667,13.0398333333,26.5240833333,15.6845833333,7.63108333332,9.85391666667
467.99,11.7651583333,26.04125,16.23125,8.04316666667,10.19525,13.1075,26.5815833333,15.7049166666,7.68041666666,9.88983333333
468.35,11.7588416666,26.1148333333,16.2590555556,8.06033333333,10.20975,13.11375,26.6308333333,15.7105833333,7.69199999999,9.90975
468.70,11.757275,26.1771666666,16.2766296296,8.05725,10.2083333333,13.1058333333,26.661,15.6979166667,7.69733333333,9.90858333332
469.05,11.774825,26.2478333334,16.2930833333,8.09275,10.2524166667,13.1230833333,26.7315833333,15.7476666666,7.72166666666,9.92033333333
469.40,11.730625,26.2754166667,16.2685833334,8.06158333333,10.202,13.0959166667,26.7008333333,15.6985833333,7.69133333333,9.90150000001
469.75,11.7721416667,26.3438333333,16.3137314815,8.08466666666,10.24575,13.11825,26.77675,15.7315833333,7.7325,9.94783333334
470.11,11.792175,26.4075833333,16.3478518518,8.12808333333,10.2841666667,13.14625,26.8215,15.7560833333,7.76925,9.98166666667
470.46,11.82485,26.4446666667,16.3685648148,8.17741666666,10.31475,13.1919166667,26.876,15.7961666667,7.79033333332,10.0098333333
470.81,11.8479916667,26.5123333333,16.4103796296,8.222,10.3389166667,13.2324166667,26.9175,15.8169166667,7.81066666666,10.0385
471.16,11.82005,26.5244166667,16.3984351852,8.21391666667,10.3054166667,13.2331666667,26.8971666667,15.7761666667,7.78291666667,10.0015833333
471.51,11.8239666667,26.5425833333,16.4127962963,8.22758333333,10.31475,13.24425,26.9281666667,15.7770833333,7.78258333332,9.99516666666
471.87,11.8482,26.5908333333,16.4427222222,8.261,10.3308333334,13.2518333333,26.9643333333,15.8110833334,7.80825000001,10.01775
472.22,11.88345,26.6249166667,16.4742592593,8.3105,10.3471666667,13.285,26.99425,15.84275,7.83633333334,10.0309166667
472.57,11.875275,26.62925,16.4594537037,8.30308333333,10.341,13.2785,26.9935,15.8526666667,7.81175,10.0266666667
472.92,11.9285666666,26.6775,16.4977777778,8.3315,10.3604166667,13.31125,27.0243333333,15.8674166666,7.8625,10.0676666667
473.27,11.9751166666,26.7301666667,16.5553333333,8.35475,10.3980833333,13.3404166667,27.09375,15.89775,7.87933333333,10.0939166667
473.62,11.9697583333,26.7388333334,16.5586111111,8.3415,10.3884166667,13.357,27.11325,15.89975,7.85924999999,10.0770833333
473.98,11.9764583333,26.7580833334,16.5705740741,8.324,10.3783333333,13.3460833333,27.12125,15.8775,7.85016666667,10.0495833333
474.33,11.965575,26.8066666667,16.5766111111,8.29608333333,10.3463333333,13.3161666667,27.13225,15.875,7.82991666666,10.0446666667
474.68,11.9554083333,26.8518333334,16.5859074074,8.27158333334,10.3226666667,13.2783333333,27.1636666667,15.8720833333,7.83116666667,10.0290833333
475.03,12.0300916667,26.91625,16.6522685185,8.33525,10.3906666667,13.3466666667,27.2316666666,15.9211666667,7.90675000001,10.1095
475.38,12.0436416667,26.9684166667,16.6859351852,8.36983333333,10.40875,13.36275,27.2755833333,15.94875,7.93375000001,10.1439166667
475.73,12.0332916667,26.96375,16.6811851852,8.3825,10.41725,13.3695833333,27.263,15.9621666666,7.931,10.1475833333
476.08,12.047,27.0129166666,16.6981296296,8.37875,10.4275833333,13.3883333333,27.29875,15.9769166667,7.96050000001,10.17575
476.44,12.0686583333,27.0815833333,16.73675,8.41766666667,10.446,13.43625,27.34775,15.9811666667,8.00775000001,10.2053333333
476.79,12.0333166667,27.1113333333,16.7374166666,8.40975,10.4251666667,13.4085,27.3398333334,15.965,7.97075000001,10.183
477.14,12.0324583333,27.1371666667,16.7197592592,8.40416666667,10.4091666667,13.4035833333,27.3390833333,15.968,7.95950000001,10.1888333333
477.49,12.0397333334,27.1825833333,16.7539814815,8.42116666667,10.4150833333,13.4035833333,27.355,15.9876666667,7.99066666667,10.2013333333
477.84,12.0463,27.22225,16.7730740741,8.44141666666,10.4215833333,13.4159166667,27.3801666667,16.015,8.009,10.2314166667
478.19,12.0920333333,27.27375,16.8308703704,8.5205,10.4875,13.4594166667,27.4215,16.0476666667,8.06799999999,10.2790833333
478.54,12.0959166666,27.2584166667,16.8381388889,8.55308333333,10.491,13.4744166667,27.4105833333,16.0534166667,8.07575,10.2936666667
478.89,12.0752666667,27.3018333333,16.8454814815,8.546,10.487,13.4664166667,27.4404166666,16.0665833333,8.06483333334,10.266
479.24,12.0791416667,27.2975833333,16.8073796296,8.53033333333,10.4804166667,13.4446666667,27.4193333334,16.0445833333,8.07383333332,10.2525
479.60,12.068825,27.3255833333,16.8023703704,8.52566666667,10.471,13.44125,27.4649166667,16.05125,8.07100000001,10.2370833333
479.95,12.0397416667,27.31675,16.7896574074,8.526,10.4505833333,13.4325,27.4585833333,16.0294166667,8.04766666668,10.2185
480.30,12.03665,27.2905,16.7708055555,8.514,10.4405,13.4133333333,27.45175,16.02,8.05158333333,10.2051666667
480.65,12.03255,27.2685833334,16.7488518519,8.52108333333,10.4224166667,13.4113333333,27.4758333333,16.0116666667,8.06224999999,10.2168333333
481.00,12.0461333333,27.3043333334,16.76675,8.56508333332,10.4215,13.42575,27.5431666667,16.03925,8.09683333334,10.2234166667
481.35,12.0375083334,27.3158333333,16.7463055556,8.56525,10.3784166667,13.4268333333,27.5570833333,16.0264166667,8.08675,10.2206666667
481.70,12.064575,27.37025,16.7687407408,8.57991666668,10.35675,13.4608333333,27.6300833333,16.0571666667,8.10483333333,10.24225
482.05,12.0797166667,27.4203333334,16.7912962963,8.58283333333,10.3405833333,13.4975833333,27.6973333333,16.0748333333,8.12100000001,10.2545
482.40,12.1066666666,27.5079166667,16.8191481482,8.60491666667,10.3464166667,13.53275,27.787,16.101,8.13500000001,10.2719166667
482.75,12.097925,27.5224166666,16.8110185185,8.60916666667,10.3289166667,13.526,27.793,16.093,8.13708333334,10.2645833333
483.10,12.1112166667,27.56925,16.83975,8.62941666667,10.33375,13.5509166667,27.82575,16.09775,8.151,10.2774166667
483.45,12.1053916667,27.5833333333,16.8433333333,8.63325000001,10.32625,13.5448333333,27.8215833333,16.08475,8.15383333334,10.2669166667
483.80,12.1067416667,27.6065833334,16.8554722222,8.63841666667,10.3296666667,13.5461666667,27.8180833333,16.08025,8.15983333334,10.2625
484.15,12.09445,27.61325,16.8576481481,8.64,10.313,13.5359166667,27.8029166667,16.0630833333,8.15408333334,10.2580833333
484.50,12.10725,27.6649166667,16.8794814815,8.65025,10.3240833333,13.5513333333,27.8214166666,16.0715833333,8.1595,10.2565833333
484.85,12.118075,27.702,16.9034444444,8.66416666666,10.3375,13.5689166667,27.8320833333,16.0758333333,8.18133333334,10.268
485.20,12.1396583333,27.7515,16.9400555556,8.68625000001,10.3643333333,13.5881666667,27.87,16.0910833333,8.20474999999,10.2839166667
485.55,12.1570583333,27.8146666666,16.9678240741,8.72933333333,10.4025833333,13.60475,27.9100833333,16.10675,8.23608333334,10.30375
485.90,12.1584833333,27.8356666667,16.9682314815,8.74475,10.40925,13.5955,27.9115,16.1025,8.24425,10.2961666667
486.25,12.1482916667,27.8335833333,16.9625462963,8.75191666667,10.411,13.5879166667,27.8849166666,16.0936666667,8.24866666668,10.2829166666
486.60,12.1649916667,27.86675,16.991287037,8.77333333333,10.4314166667,13.6003333333,27.9011666666,16.1016666667,8.26041666667,10.29225
486.95,12.1591333333,27.87325,16.9955092593,8.78,10.4401666667,13.594,27.9051666667,16.1064166666,8.26800000001,10.2890833333
487.30,12.16895,27.9205,17.0173518519,8.79541666666,10.4499166667,13.6085,27.9265833333,16.11175,8.27016666668,10.3058333333
487.65,12.17385,27.9425,17.0251203704,8.80733333333,10.4630833333,13.6070833333,27.9529166667,16.1160833334,8.27591666666,10.3201666667
488.00,12.2100166667,28.0155833334,17.0619444444,8.84449999999,10.5013333333,13.6435,28.01175,16.14825,8.30566666666,10.3436666667
488.35,12.2071166667,28.0096666667,17.0604814815,8.85208333334,10.5078333333,13.6468333333,28.0165,16.1410833333,8.31491666666,10.3495833333
488.70,12.20825,28.0351666666,17.0654166667,8.87008333334,10.51625,13.6466666667,28.0340833333,16.1361666667,8.31441666666,10.34925
489.05,12.1924583333,28.0546666667,17.0578518518,8.87866666666,10.5108333333,13.64175,28.0433333333,16.1334166666,8.31425000001,10.3396666667
489.40,12.1918833333,28.066,17.07225,8.87533333332,10.5038333333,13.6475833333,28.04675,16.1189166667,8.31616666667,10.3316666667
489.75,12.2013666666,28.1116666667,17.09475,8.88849999999,10.5164166667,13.6613333333,28.0693333333,16.12925,8.33533333333,10.3428333333
490.10,12.2211,28.1773333333,17.1431018518,8.9185,10.5405833333,13.6814166667,28.1035833333,16.1453333333,8.36233333332,10.3591666667
490.45,12.2191916666,28.1983333333,17.1452037037,8.92599999999,10.5424166667,13.6839166667,28.11275,16.1439166667,8.37775,10.3585
490.80,12.220525,28.2390833333,17.1635740741,8.93933333333,10.5420833334,13.6943333333,28.1280833333,16.147,8.39041666668,10.3683333333
491.15,12.246125,28.2708333333,17.1875740741,8.97375000001,10.566,13.71475,28.1561666667,16.1758333333,8.43558333333,10.3890833333
491.50,12.284825,28.3490833334,17.2356018518,9.01091666666,10.5861666667,13.7556666667,28.2184166667,16.2140833333,8.4735,10.4098333333
491.85,12.2923583333,28.392,17.2609814815,9.02825,10.6020833333,13.76775,28.2501666667,16.2305,8.48475000001,10.4174166667
492.20,12.31585,28.454,17.3026944444,9.056,10.6126666667,13.7875833333,28.2979166667,16.2510833333,8.50966666668,10.4364166667
492.55,12.321575,28.4933333333,17.3226018519,9.05958333333,10.6170833333,13.7923333333,28.31425,16.2643333333,8.52008333334,10.43375
492.90,12.347075,28.5410833333,17.3628888889,9.08491666667,10.6411666667,13.81025,28.3333333333,16.2736666667,8.54233333334,10.44775
493.25,12.3371083333,28.5765,17.3737314815,9.09366666668,10.6593333333,13.813,28.33775,16.2776666667,8.53908333332,10.44975
493.60,12.3286916667,28.6175,17.4065462963,9.109,10.6726666667,13.8168333333,28.3506666666,16.27875,8.53383333334,10.4415833333
493.95,12.3258083333,28.6423333333,17.4085740741,9.11216666667,10.6763333333,13.8168333334,28.3644166667,16.2601666667,8.54666666667,10.45325
494.30,12.3454583333,28.7284166667,17.4583240741,9.15591666667,10.7049166667,13.8490833333,28.43075,16.2798333333,8.56475000001,10.468
494.65,12.3574,28.7755833333,17.4711203704,9.15316666667,10.7036666667,13.8499166667,28.4790833333,16.2813333333,8.56525000001,10.44425
495.00,12.3639166667,28.8110833333,17.4825833333,9.14083333333,10.7055,13.8548333333,28.5163333333,16.2816666667,8.55749999999,10.4450833333
495.34,12.3643583333,28.82875,17.4958333333,9.15758333333,10.70075,13.8526666667,28.542,16.2919166667,8.56608333333,10.445
495.69,12.3631583333,28.8343333333,17.4939722222,9.14991666667,10.6801666667,13.8490833333,28.559,16.2971666667,8.58525,10.4350833333
496.04,12.3733916667,28.8846666666,17.5163518519,9.16433333333,10.6973333333,13.85925,28.5945,16.3260833333,8.61683333334,10.42725
496.39,12.4068583333,28.9379166667,17.5438333333,9.19841666667,10.71425,13.8928333333,28.64125,16.3455,8.64666666666,10.4596666667
496.74,12.4238,28.9760833334,17.5404166667,9.20516666667,10.7159166667,13.8940833333,28.6606666667,16.35225,8.66233333333,10.4628333333
497.09,12.4224083333,29.0088333333,17.541712963,9.20808333334,10.6984166667,13.8773333333,28.6839166667,16.3523333333,8.67449999999,10.4394166667
497.44,12.474875,29.065,17.5720648148,9.26533333334,10.73075,13.9255833333,28.7365,16.385,8.73658333333,10.5028333333
497.79,12.4725833334,29.12275,17.5920925926,9.282,10.7430833333,13.9184166667,28.7805833333,16.4021666667,8.74025,10.4904166667
498.14,12.520175,29.1860833333,17.6367592592,9.30508333334,10.7555,13.9360833333,28.8226666667,16.4264166666,8.78191666668,10.5366666667
498.48,12.5529833333,29.2510833333,17.6674351852,9.36133333334,10.79225,13.9608333333,28.8499166667,16.4638333333,8.82891666667,10.5835
498.83,12.536625,29.3350833333,17.67625,9.36675000001,10.7910833334,13.9636666667,28.8840833333,16.46425,8.84433333333,10.557
499.18,12.5243,29.3698333334,17.6657777778,9.36374999999,10.788,13.9675,28.88775,16.4418333333,8.85066666667,10.553
499.53,12.53715,29.4531666666,17.6881388889,9.38966666667,10.8135,13.9979166667,28.9351666666,16.4455,8.86533333334,10.5668333333
499.88,12.5258166667,29.49725,17.6910740741,9.40908333334,10.803,14.0088333333,28.9408333333,16.4264166666,8.86399999999,10.5969166667
500.23,12.5253333333,29.5488333333,17.7190925926,9.40758333334,10.8125833333,14.0200833333,28.9858333333,16.4340833333,8.87149999999,10.59825
500.58,12.495975,29.5555833333,17.7323333333,9.408,10.79625,14.01825,29.0074166667,16.4193333333,8.84099999999,10.589
500.92,12.4955083333,29.5888333333,17.7398796296,9.41766666666,10.7894166667,14.0404166667,29.0151666666,16.4236666666,8.85216666667,10.5940833333
501.27,12.4718833334,29.6264166667,17.7590185185,9.41000000001,10.7950833333,14.0375,29.029,16.4196666667,8.83458333334,10.5585
501.62,12.5224,29.6946666667,17.7950092593,9.47208333332,10.82275,14.0885833333,29.0853333334,16.4696666667,8.88208333333,10.5914166667
501.97,12.4648416667,29.6801666666,17.7485648148,9.4485,10.8128333333,14.0694166667,29.0781666667,16.448,8.84666666666,10.5205
502.32,12.5098166667,29.78025,17.8152685185,9.49125000001,10.85,14.1370833334,29.1465833333,16.48625,8.88741666666,10.5645
502.67,12.574275,29.8153333333,17.8784444444,9.54241666667,10.88,14.1843333334,29.2065,16.5338333333,8.93758333332,10.6078333333
503.01,12.6234,29.87925,17.9274537037,9.5755,10.9205,14.2129166667,29.25675,16.5796666667,8.974,10.6465833333
503.36,12.65285,29.9106666667,17.9717314815,9.63333333333,10.95025,14.2339166666,29.30725,16.63,9.02933333333,10.67575
503.71,12.7097666667,29.964,18.025962963,9.69375,11.0001666667,14.2655833333,29.3706666667,16.6855833333,9.06700000001,10.70375
504.06,12.7175083333,29.9960833334,18.0313518519,9.73599999999,11.0070833333,14.28625,29.3720833333,16.7225,9.10133333333,10.7073333333
504.41,12.7746416667,30.1114166666,18.0840833333,9.80266666666,11.0515833333,14.3469166667,29.4436666667,16.7918333333,9.17633333334,10.7770833333
504.75,12.8017166667,30.1615833334,18.1194814815,9.85099999999,11.07975,14.3755833333,29.4871666666,16.8343333333,9.22108333334,10.81725
505.10,12.82315,30.21875,18.1435185185,9.89899999999,11.0905,14.4030833334,29.5291666667,16.84075,9.25891666668,10.8438333334
505.45,12.826225,30.2181666667,18.1713333333,9.89308333335,11.0981666667,14.4065,29.532,16.8394166667,9.28758333332,10.8679166667
505.80,12.8934666667,30.285,18.2279259259,9.964,11.1255833333,14.45375,29.5769166667,16.8841666667,9.35541666667,10.9449166667
506.15,12.8895583333,30.3043333333,18.2283055556,10.0065,11.1159166667,14.4593333333,29.6101666666,16.87375,9.36066666667,10.9431666667
506.49,12.8462166666,30.33725,18.2011851852,9.99508333333,11.0839166667,14.4241666667,29.608,16.8384166667,9.34458333332,10.9356666667
506.84,12.8311916667,30.3855,18.2082685185,10.02175,11.067,14.4431666667,29.65575,16.834,9.35633333335,10.9249166667
507.19,12.8185083333,30.40775,18.1922592593,10.0311666666,11.0460833333,14.4323333333,29.646,16.8065833334,9.33741666666,10.89925
507.54,12.798675,30.4145833334,18.1703796297,10.0269166667,11.0213333334,14.4220833333,29.6406666666,16.8021666667,9.34191666668,10.8780833333
507.88,12.8374916667,30.46975,18.2165277778,10.0715833333,11.0515833333,14.4445,29.6968333333,16.8049166667,9.37683333333,10.9291666667
508.23,12.8351083333,30.4754166667,18.2068148148,10.0809166667,11.03725,14.4391666666,29.7139166667,16.7901666667,9.37224999999,10.9194166667
508.58,12.8689166667,30.4690833333,18.22675,10.0875833333,11.0334166666,14.4440833333,29.7298333334,16.7906666667,9.38108333332,10.9254166667
508.93,12.8780833333,30.4898333333,18.2354351852,10.0990833333,11.0363333333,14.4340833333,29.7554166667,16.8079166667,9.3835,10.9259166667
509.27,12.9040166666,30.5289166667,18.2307962963,10.1256666667,11.0549166667,14.474,29.7838333333,16.8231666666,9.40583333334,10.93575
509.62,12.9021833333,30.5448333333,18.2299351852,10.1419166667,11.0605,14.4735833333,29.7930833333,16.8139166667,9.41408333332,10.9344166667
509.97,12.909175,30.558,18.2504444444,10.1480833333,11.0826666667,14.4904166667,29.803,16.83825,9.44199999999,10.9583333333
510.32,12.9288666667,30.5944166666,18.2713240741,10.1874166667,11.1004166667,14.5089166667,29.8135833333,16.8494166667,9.46475000001,10.9605833333
510.66,12.9462333333,30.6421666666,18.3078055555,10.2275833333,11.1284166667,14.5196666667,29.83525,16.8720833333,9.48683333334,10.9703333334
511.01,12.92185,30.66325,18.2992870371,10.2141666667,11.10225,14.4979166667,29.8505833333,16.8680833333,9.474,10.9481666667
511.36,12.9376916667,30.6965,18.3332037037,10.2336666667,11.1315,14.5090833333,29.88875,16.8906666667,9.50800000001,10.9466666667
511.70,12.9353333334,30.7183333333,18.3279537037,10.2640833333,11.1458333333,14.5161666667,29.9121666666,16.8999166667,9.52824999999,10.9409166667
512.05,12.93415,30.7519166667,18.3478796296,10.2943333333,11.1694166667,14.5255833333,29.9224166667,16.9161666666,9.54558333335,10.92275
512.40,12.929575,30.84125,18.386712963,10.337,11.204,14.5440833334,29.9643333333,16.9180833334,9.58058333333,10.9490833333
512.75,12.9175416667,30.87575,18.3985092593,10.3603333333,11.2014166667,14.5438333333,29.9818333333,16.92225,9.59649999999,10.9459166667
513.09,12.9022166667,30.9271666667,18.4226666667,10.3830833333,11.2018333333,14.52175,29.9934166666,16.9126666667,9.59475,10.9395833333
513.44,12.8998916667,30.9705833333,18.4370092593,10.3939166667,11.1955,14.5051666667,30.0250833334,16.91425,9.60008333332,10.9325833333
513.79,12.926975,31.0320833333,18.4785462963,10.44025,11.2333333333,14.5,30.0723333333,16.93375,9.63800000001,10.9406666667
514.13,12.97185,31.0954166666,18.5390833333,10.5081666667,11.2875,14.5509166667,30.1246666667,16.995,9.70466666667,10.9903333333
514.48,12.98155,31.1125,18.5439537037,10.5280833333,11.2843333333,14.5515,30.1261666667,16.9915,9.73808333334,10.9903333334
514.83,13.0391666667,31.1441666667,18.6192962963,10.5794166667,11.3453333333,14.603,30.1663333333,17.0290833333,9.79674999999,11.0608333334
515.17,13.0575916667,31.2140833333,18.6412962963,10.637,11.3641666667,14.6204166666,30.1943333334,17.027,9.82941666666,11.0966666667
515.52,13.066,31.2625,18.6679259259,10.6470833333,11.3495833333,14.622,30.21775,17.0285833333,9.84216666665,11.0954166667
515.87,13.1313083333,31.3383333334,18.7113888889,10.7053333333,11.3798333333,14.66425,30.28975,17.0721666666,9.91783333335,11.1575
516.21,13.140175,31.3165,18.6951574074,10.7295,11.37125,14.6651666667,30.28825,17.07525,9.92166666667,11.1519166666
516.56,13.1403166667,31.30175,18.6661759259,10.7255833333,11.3486666667,14.6423333334,30.2650833333,17.0588333333,9.91758333333,11.1363333333
516.91,13.130925,31.2744166667,18.6457685185,10.7445833333,11.3231666667,14.6436666667,30.2536666666,17.0525833333,9.94658333332,11.1376666666
517.25,13.1140416667,31.26525,18.6353425926,10.7481666667,11.3028333333,14.648,30.2318333334,17.0489166667,9.95950000001,11.1376666667
517.60,13.0505416667,31.2226666666,18.5788796296,10.7065833333,11.2275,14.5970833333,30.1795833333,16.9881666666,9.91383333333,11.0985
517.95,13.0303083333,31.2314166666,18.5621944444,10.6985,11.1964166667,14.5731666667,30.1903333333,16.968,9.9045,11.07925
518.29,13.0290333333,31.2511666667,18.5710185185,10.721,11.2053333334,14.58125,30.2051666667,16.9895,9.92616666667,11.106
518.64,13.0434583333,31.3005,18.5724074074,10.7500833333,11.2114166666,14.59175,30.2089166667,16.97575,9.95266666666,11.1081666666
518.99,13.040475,31.3558333333,18.6146296296,10.76225,11.2120833333,14.6174166667,30.2585833333,16.9875833333,9.96891666667,11.12325
519.33,13.0163,31.341,18.5943333333,10.7455833333,11.1691666667,14.5891666667,30.2424166667,16.9635,9.94616666666,11.1149166667
519.68,12.9727166667,31.3041666667,18.5766296296,10.7450833333,11.1540833333,14.5716666666,30.2145,16.9113333333,9.93883333332,11.0849166667
520.02,12.9821166667,31.3755,18.5995185185,10.783,11.161,14.5999166667,30.2515833333,16.9316666667,9.96725000002,11.0970833333
520.37,13.0152333334,31.4550833334,18.6556296297,10.8271666667,11.18975,14.64,30.30475,16.9666666667,10.0219166667,11.128
520.72,13.0101416667,31.5216666667,18.6727777778,10.83625,11.19025,14.6419166667,30.3273333333,16.95575,10.0194166667,11.1248333333
521.06,13.0341916667,31.5985,18.7137962963,10.8898333333,11.2061666667,14.6723333334,30.3858333333,16.9763333333,10.0518333333,11.1389166667
521.41,13.0811916666,31.6573333333,18.7745925926,10.9445,11.2418333333,14.714,30.4339166666,17.0200833333,10.104,11.1665
521.75,13.1103416667,31.7005833333,18.8183796296,11.0043333333,11.27675,14.7653333333,30.4910833333,17.0528333333,10.15175,11.198
522.10,13.1175833333,31.7273333334,18.816462963,11.01575,11.25625,14.7711666667,30.4995,17.0553333333,10.1453333333,11.1729166667
522.45,13.13295,31.7750833334,18.8415555556,11.0654166667,11.2713333333,14.79425,30.5660833333,17.1035833334,10.17175,11.2034166667
522.79,13.1502416667,31.74325,18.8148611111,11.0828333333,11.2519166667,14.7834166666,30.5614166667,17.119,10.18075,11.2040833333
523.14,13.1784,31.7751666667,18.8536388889,11.135,11.28075,14.8230833333,30.5810833333,17.1460833333,10.2438333333,11.2131666667
523.48,13.2119666667,31.8454166666,18.8894074074,11.1926666667,11.30125,14.85025,30.64075,17.1928333333,10.284,11.2511666667
523.83,13.212325,31.857,18.9070185185,11.2364166667,11.3149166667,14.8436666667,30.6645,17.19725,10.3094166667,11.2696666667
524.17,13.2415833334,31.8685,18.9209907407,11.2940833333,11.3275833334,14.8868333333,30.70825,17.2164166667,10.3646666667,11.3236666667
524.52,13.27645,31.9115,18.9643333333,11.3579166667,11.36475,14.9186666667,30.7645,17.252,10.4176666667,11.3645833333
524.87,13.2885666667,31.90825,18.9822777777,11.3835833333,11.3839166667,14.94425,30.7863333333,17.2599166667,10.4449166667,11.3809166667
525.21,13.2867583334,31.9205,18.9628981481,11.4011666667,11.3840833334,14.9555,30.8036666667,17.25725,10.4580833333,11.3905833333
525.56,13.2624,31.8869166667,18.9363703704,11.3805,11.3493333333,14.93025,30.7715,17.2169166667,10.4460833333,11.3728333333
525.90,13.2597,31.8894166667,18.9551203704,11.40625,11.3510833333,14.9255,30.8033333333,17.2108333333,10.4840833333,11.3955
526.25,13.2433083333,31.9140833333,18.94975,11.4039166667,11.32075,14.9159166667,30.8209166667,17.2028333334,10.48975,11.3844166667
526.59,13.2494,31.96175,18.9626944444,11.43675,11.3135833333,14.9390833334,30.8555833334,17.205,10.5113333333,11.3978333333
526.94,13.2773833333,32.0241666667,18.9833055556,11.4861666667,11.3281666667,14.969,30.9153333333,17.2454166667,10.5531666667,11.43825
527.28,13.26105,32.014,18.9593796297,11.4813333333,11.2931666667,14.9470833333,30.88075,17.2275,10.5581666667,11.41825
527.63,13.2659416667,32.0261666667,18.968425926,11.4985833333,11.2856666667,14.9543333333,30.8983333333,17.2324166666,10.57125,11.4248333333
527.97,13.2528333333,32.0323333334,18.9617777778,11.5055833333,11.2765,14.944,30.8875833333,17.213,10.5723333334,11.4118333333
528.32,13.25465,32.0633333333,18.9789074074,11.5258333334,11.2713333333,14.94375,30.8971666667,17.2230833333,10.5863333333,11.4154166667
528.66,13.2516333333,32.0706666667,18.9767777778,11.5405833333,11.2715833333,14.9224166666,30.8765,17.208,10.5871666666,11.4161666667
529.01,13.2636916667,32.102,19.00175,11.579,11.29725,14.9284166667,30.8868333334,17.2240833333,10.6210833333,11.4315
529.35,13.2960416666,32.1671666666,19.0382592593,11.63925,11.33625,14.9529166666,30.922,17.2446666666,10.6638333333,11.4623333333
529.70,13.3331416667,32.2295,19.0723796297,11.6974166667,11.375,14.9890833333,30.9399166667,17.2779166667,10.7105833333,11.4866666667
530.04,13.36065,32.2579166667,19.0998240741,11.7418333333,11.4043333333,15.0121666666,30.9389166667,17.2829166666,10.7531666667,11.511
530.39,13.3953,32.2960833333,19.1423148148,11.8040833334,11.4575,15.0384166667,30.9628333333,17.3110833333,10.8181666667,11.5443333333
530.73,13.38095,32.299,19.1412592592,11.82975,11.47375,15.0295,30.9511666667,17.288,10.8349166666,11.5365
531.08,13.400375,32.3625,19.1764259259,11.8816666667,11.50375,15.053,30.9943333333,17.3048333333,10.8716666667,11.5641666667
531.42,13.4057666667,32.3886666667,19.1820092593,11.9111666667,11.511,15.0631666666,31.0021666666,17.3025833333,10.9099166667,11.5643333333
531.77,13.3993833333,32.4153333333,19.1939166667,11.9445833333,11.5171666667,15.06675,31.0063333333,17.2934166667,10.9341666667,11.5719166667
532.11,13.414125,32.4290833333,19.2031759259,11.9801666667,11.5315,15.092,31.03275,17.3021666666,10.96725,11.59175
532.46,13.4129833333,32.4791666667,19.2178888889,12.0009166666,11.5253333333,15.1115833333,31.0715,17.3163333333,11.0058333333,11.5955833333
532.80,13.4241083334,32.5255833333,19.2490740741,12.03625,11.5191666667,15.1276666667,31.1080833333,17.317,11.0241666667,11.60275
533.15,13.41575,32.5206666667,19.2472777778,12.0481666667,11.4984166667,15.1249166667,31.1109166667,17.3208333334,11.0325833333,11.6013333333
533.49,13.4062666666,32.5381666667,19.2451481482,12.0648333333,11.4916666667,15.1255833334,31.1193333333,17.2974166667,11.0391666667,11.6074166667
533.84,13.393975,32.5365,19.2302222222,12.0854166667,11.48475,15.1066666667,31.1130833333,17.28425,11.0404166667,11.5945
534.18,13.3597333334,32.5526666667,19.2047962963,12.0713333333,11.4454166667,15.0693333333,31.0891666667,17.2494166666,11.0185833333,11.565
534.52,13.3703,32.5960833333,19.22725,12.09725,11.4444166667,15.0759166667,31.1085,17.25,11.03,11.57375
534.87,13.4021,32.6205,19.2635925926,12.141,11.4711666667,15.1005833333,31.1428333333,17.2710833333,11.0719166667,11.6049166667
535.21,13.424175,32.66625,19.2943888889,12.1785,11.4961666667,15.1145,31.1701666667,17.2825833333,11.1000833333,11.6226666667
535.56,13.4762,32.7735833333,19.3641666667,12.2398333333,11.5510833334,15.1524166666,31.2558333333,17.34825,11.1674166667,11.6558333333
535.90,13.4964166667,32.8018333334,19.38775,12.2706666667,11.5799166667,15.1578333334,31.2715,17.3509166667,11.2003333333,11.6763333333
536.25,13.52745,32.84625,19.440287037,12.3331666667,11.6110833333,15.1805833334,31.32125,17.3810833333,11.2365,11.7145
536.59,13.5269,32.8649166667,19.4373148148,12.3625,11.627,15.1795833334,31.31625,17.38475,11.2613333333,11.7255
536.93,13.514075,32.884,19.4286296296,12.37425,11.6296666667,15.1660833334,31.3059166667,17.36975,11.2835,11.7089166666
537.28,13.506575,32.9080833333,19.425787037,12.3841666666,11.6205833333,15.1430833333,31.3025,17.3905,11.29075,11.7020833333
537.62,13.4970666667,32.9296666667,19.4510648148,12.4123333333,11.621,15.1615,31.3235833334,17.4110833333,11.3075,11.7256666666
537.97,13.4997583333,32.94725,19.4540740741,12.4526666667,11.6129166667,15.1715833333,31.3320833333,17.413,11.3353333333,11.72525
538.31,13.5123583333,32.9775833333,19.4629351852,12.49575,11.6139166667,15.1943333333,31.3811666667,17.4306666667,11.3953333333,11.7246666667
538.65,13.487975,33.0131666667,19.4523148148,12.52375,11.5909166667,15.2105833333,31.385,17.4258333333,11.4150833333,11.7036666667
539.00,13.4651666666,33.02725,19.4433240741,12.5443333333,11.563,15.1993333333,31.4015833333,17.4185,11.4490833333,11.7019166666
539.34,13.429675,33.0108333333,19.4011018519,12.5445833334,11.5083333334,15.183,31.3803333333,17.4081666667,11.4334166667,11.6831666667
539.69,13.412875,33.0324166667,19.3795925926,12.58025,11.4829166667,15.1924166667,31.3834166666,17.41,11.4535833333,11.671
540.03,13.3935,33.0214166667,19.3473518519,12.5768333334,11.4504166667,15.1805833334,31.3598333333,17.3775833333,11.4629166667,11.656
540.37,13.3806666667,33.0095,19.3336666667,12.58075,11.41825,15.188,31.3683333334,17.3555833333,11.4796666667,11.6404166667
540.72,13.3818083333,32.987,19.3245185185,12.5935833333,11.4034166667,15.1874166666,31.3565,17.33725,11.4800833333,11.63825
541.06,13.37005,32.9794166667,19.3167592592,12.6008333333,11.3834166667,15.18825,31.3579166666,17.29975,11.4863333333,11.6295
541.40,13.3732,33.0048333333,19.3138148148,12.62325,11.3821666667,15.1846666667,31.3661666667,17.2981666667,11.5145833333,11.61875
541.75,13.368325,32.99725,19.305962963,12.6306666667,11.3810833333,15.1729166667,31.3509166667,17.27525,11.5248333333,11.6170833333
542.09,13.376825,33.0,19.3179814815,12.6490833333,11.3823333333,15.1643333333,31.333,17.2626666666,11.5331666667,11.6250833333
542.43,13.3773166667,33.0128333333,19.3343888889,12.6716666667,11.3885833333,15.1575,31.3268333333,17.252,11.5464166667,11.62425
542.78,13.376325,33.0079166667,19.3392962963,12.7001666667,11.4035,15.1645833334,31.2961666667,17.2371666667,11.5583333333,11.62
543.12,13.3801833333,33.0026666667,19.3533888889,12.7279166667,11.4095833333,15.1695833333,31.296,17.214,11.5885,11.6074166666
543.46,13.366175,32.9825,19.3419166667,12.7258333333,11.3825833333,15.1303333334,31.27,17.1795833333,11.5950833333,11.59025
543.81,13.3914833334,33.0065833333,19.3700740741,12.7855833334,11.409,15.15175,31.2643333333,17.1925,11.6488333333,11.6088333333
544.15,13.4135,33.0419166667,19.3945092593,12.82575,11.4238333333,15.1769166666,31.28075,17.2088333334,11.6840833333,11.6111666667
544.49,13.4311583333,33.0908333333,19.4240185185,12.8771666667,11.4444166667,15.2,31.3295,17.2319166667,11.7386666667,11.63875
544.84,13.4332083333,33.1249166667,19.4397222222,12.9041666667,11.44,15.20275,31.3595,17.2459166667,11.7531666667,11.6224166667
545.18,13.43365,33.157,19.486287037,12.9416666667,11.4445833333,15.2281666667,31.4076666667,17.2530833333,11.78,11.625
545.52,13.4546,33.20975,19.5356759259,12.9956666667,11.462,15.2778333333,31.4496666667,17.2881666666,11.8346666667,11.6414166667
545.87,13.4598833333,33.245,19.5607037037,13.051,11.4804166667,15.3206666667,31.4720833333,17.32825,11.8779166667,11.65425
546.21,13.4626833334,33.258,19.5693148148,13.0679166667,11.4958333333,15.3216666667,31.5075833333,17.3405833334,11.9119166667,11.6684166666
546.55,13.4779083333,33.3286666667,19.5768796296,13.09725,11.5006666667,15.3175833333,31.55075,17.3629166667,11.9321666667,11.6771666666
546.90,13.493825,33.3651666667,19.6109537037,13.14875,11.54475,15.339,31.5808333334,17.3894166666,11.9765833333,11.71725
547.24,13.535275,33.4513333334,19.6698055555,13.20725,11.5890833333,15.3786666667,31.6451666667,17.41275,12.0203333333,11.7295833333
547.58,13.5394666667,33.5470833334,19.6906944444,13.2365,11.6059166667,15.4016666667,31.7188333333,17.4470833334,12.0445833333,11.7459166667
547.92,13.5562,33.6170833333,19.7306666666,13.314,11.6419166667,15.3975,31.7768333333,17.4815833333,12.0715,11.7735
548.27,13.5929333334,33.74,19.7962962963,13.3661666667,11.6803333333,15.4360833333,31.84625,17.5304166667,12.1190833333,11.7876666667
548.61,13.6227333333,33.7946666667,19.8427685185,13.4324166666,11.7240833333,15.4794166667,31.8926666667,17.5576666667,12.1919166667,11.826
548.95,13.6631916667,33.85675,19.8454351852,13.4840833334,11.7378333333,15.4874166667,31.89675,17.5679166666,12.233,11.8436666666
549.29,13.6911833333,33.92825,19.8646111111,13.5345,11.76675,15.4895833333,31.9691666667,17.6103333333,12.2630833333,11.8740833334
549.64,13.7026166666,34.0219166667,19.8944074074,13.5426666666,11.7790833333,15.4644166666,32.0291666667,17.61075,12.2916666667,11.89725
549.98,13.7446833333,34.1005833333,19.9368055556,13.6419166667,11.7959166667,15.4988333333,32.0988333334,17.6334166666,12.3328333333,11.9315
550.32,13.778525,34.13275,19.9806296296,13.70525,11.8240833333,15.5544166667,32.1411666667,17.6718333333,12.3924166667,11.9730833334
550.66,13.7816666667,34.1781666667,19.9691296296,13.7224166666,11.79,15.5463333333,32.16975,17.6600833333,12.3825833333,11.9436666666
551.01,13.7832833333,34.2003333333,19.9935,13.7649166666,11.8020833333,15.5850833333,32.2071666667,17.6895,12.4373333333,11.9605833333
551.35,13.8267833333,34.2496666667,20.0403055556,13.854,11.8509166667,15.63525,32.2800833333,17.7146666667,12.5138333334,12.0020833333
551.69,13.8350833333,34.252,20.0453703704,13.8578333333,11.84225,15.6580833333,32.2891666666,17.7049166666,12.5563333333,11.9991666667
552.03,13.8163416667,34.2591666667,20.0444351852,13.8904166667,11.8425,15.6550833333,32.3091666667,17.7053333333,12.5871666667,11.9951666667
552.38,13.8543833333,34.3259166667,20.0710092593,13.9593333334,11.8741666667,15.6934166667,32.3465,17.75025,12.6504166667,12.02625
552.72,13.905725,34.3689166667,20.1310277778,14.0435,11.9411666667,15.7466666667,32.4354166667,17.8103333333,12.7123333333,12.07925
553.06,13.911275,34.36975,20.1559259259,14.0971666667,11.9360833334,15.7519166667,32.435,17.80275,12.7358333333,12.0603333333
553.40,13.8919666667,34.3610833333,20.1574444445,14.14825,11.9341666667,15.752,32.425,17.7905833333,12.7556666667,12.0445
553.74,13.8648083334,34.3475833333,20.1456574074,14.1364166667,11.931,15.7439166667,32.4099166667,17.7678333333,12.7685833333,12.017
554.09,13.9069833333,34.4895833333,20.2253518519,14.24125,11.9805,15.803,32.5215,17.8285,12.86525,12.0694166666
554.43,13.9473583333,34.5465,20.2706018518,14.3205833333,12.0201666666,15.8341666667,32.53375,17.84475,12.9621666667,12.131
554.77,13.9897333333,34.6291666667,20.3222962963,14.3980833333,12.07,15.8608333333,32.5723333334,17.8860833334,13.0220833333,12.18825
555.11,13.9720166667,34.6045833333,20.3018611111,14.3840833334,12.048,15.8255,32.5506666667,17.866,13.0179166667,12.1533333333
555.45,13.9803083333,34.6738333333,20.3336666667,14.4334166667,12.06475,15.8268333333,32.5895833333,17.9103333333,13.0604166666,12.17825
555.80,14.0338916667,34.7481666667,20.3853333333,14.5173333333,12.09825,15.8874166667,32.6188333333,17.95275,13.1384166667,12.2303333333
556.14,14.01895,34.7410833333,20.4033981482,14.5346666667,12.1133333333,15.8738333333,32.6485833333,17.95725,13.14825,12.2268333333
556.48,14.0375916667,34.7956666667,20.4269259259,14.5654166667,12.1236666667,15.9143333333,32.6708333333,17.9863333333,13.2215,12.2699166667
556.82,14.06065,34.8469166667,20.4391203704,14.6053333333,12.1580833333,15.94375,32.7080833333,18.0366666666,13.2934166667,12.3126666667
557.16,14.0915416667,34.91625,20.4718611111,14.6334166667,12.196,15.9763333334,32.7461666666,18.0620833333,13.3305833333,12.3260833333
557.50,14.1540916667,35.0258333334,20.5319907407,14.67575,12.2235,16.0026666667,32.7865,18.1121666667,13.39075,12.3975
557.85,14.1795916666,34.9919166667,20.541462963,14.7025833333,12.2189166666,15.9901666667,32.75125,18.12425,13.412,12.4116666667
558.19,14.1720333333,35.0085833333,20.5401203703,14.7294166667,12.19825,15.9905,32.7899166667,18.1621666667,13.4114166667,12.3986666666
558.53,14.1925166667,35.0311666667,20.5567870371,14.7859166666,12.20625,16.00025,32.7903333333,18.1713333333,13.4304166667,12.4141666667
558.87,14.1759666667,35.0633333333,20.5687962963,14.8249166667,12.1976666667,15.9844166667,32.8024166667,18.1493333333,13.4734166667,12.4034166666
559.21,14.1569583333,35.0943333333,20.5502777778,14.8230833333,12.1856666667,15.9660833333,32.8049166667,18.1073333333,13.4810833333,12.3886666666
559.55,14.1419833333,35.149,20.5599814815,14.8275833333,12.1838333333,15.9439166667,32.8435,18.1159166667,13.4839166666,12.3679166667
559.89,14.1919916667,35.2445,20.6246944444,14.9069166666,12.2304166667,15.9995833333,32.9116666666,18.163,13.564,12.4306666666
560.23,14.1373916667,35.248,20.577787037,14.9126666667,12.1744166667,15.9454166667,32.8578333334,18.0891666667,13.52625,12.3665833333
560.58,14.1850916667,35.3028333333,20.6380462963,14.9854166666,12.21275,15.9749166667,32.9198333333,18.0891666667,13.5708333334,12.3865
560.92,14.2271666667,35.3524166667,20.6891851852,15.0970833333,12.22325,15.9995833333,32.9261666667,18.1410833334,13.63575,12.4471666667
561.26,14.2673666667,35.4205833333,20.7358333333,15.2025833333,12.24325,16.0505833334,32.98975,18.1585833333,13.695,12.48575
561.60,14.1774583333,35.3991666667,20.6839166667,15.1514166667,12.1846666667,15.99,32.94425,18.0695833333,13.66525,12.41175
561.94,14.2061666667,35.4653333333,20.7144814815,15.2036666666,12.2049166666,16.02775,32.9553333333,18.07875,13.7271666667,12.4324166667
562.28,14.1898416667,35.5273333333,20.7175,15.21775,12.1689166667,16.0410833333,32.9816666667,18.057,13.749,12.4290833333
562.62,14.2334833333,35.574,20.7428055555,15.2693333333,12.17725,16.0674166667,32.9936666667,18.11875,13.7789166666,12.47325
562.96,14.2698333334,35.6544166667,20.797037037,15.3708333333,12.1921666667,16.13525,33.0548333333,18.1813333333,13.8515833333,12.5165833333
563.30,14.33825,35.7070833333,20.8614444445,15.4801666666,12.2233333334,16.1885833333,33.1168333333,18.1974166667,13.9171666667,12.5774166667
563.64,14.3351083333,35.6605833333,20.8158611111,15.4929166667,12.1756666667,16.1706666667,33.08075,18.1908333333,13.9205,12.56275
563.99,14.3959583333,35.6695,20.8677592593,15.5706666667,12.2245,16.2184166667,33.1644166667,18.2715,14.0329166666,12.6185833333
564.33,14.35385,35.6811666667,20.8546296296,15.6095,12.19,16.1960833333,33.141,18.2705833334,14.043,12.61325
564.67,14.3128333333,35.65675,20.8076759259,15.5898333334,12.1430833334,16.16225,33.1804166667,18.22425,14.0505,12.56325
565.01,14.283725,35.6274166667,20.7863981481,15.61625,12.1415833333,16.1470833333,33.1608333333,18.2306666667,14.1051666667,12.5389166667
565.35,14.3674916667,35.6904166667,20.8376018518,15.7049166666,12.1925833333,16.21775,33.2255833333,18.2824166667,14.1811666667,12.6074166667
565.69,14.3456166667,35.6986666666,20.8381944444,15.71575,12.1933333333,16.205,33.2289166667,18.25075,14.1881666667,12.5931666667
566.03,14.336775,35.6625833333,20.8103888889,15.722,12.1968333333,16.1775833333,33.2155,18.2556666667,14.20775,12.5746666667
566.37,14.3240333333,35.66625,20.8330277778,15.7673333334,12.1848333333,16.1876666666,33.2525,18.2266666666,14.217,12.5643333333
566.71,14.285375,35.5971666666,20.7903425926,15.7358333333,12.1625,16.1313333333,33.19325,18.1684166667,14.2066666667,12.5393333334
567.05,14.235375,35.58175,20.7641944444,15.7319166667,12.139,16.1191666667,33.1558333333,18.1465,14.2344166667,12.5113333334
567.39,14.2498,35.63075,20.80475,15.7833333333,12.1648333333,16.1360833333,33.1953333333,18.1408333333,14.2781666667,12.52575
567.73,14.271875,35.7299166666,20.8653518519,15.853,12.2035,16.1794166667,33.2395833333,18.1480833333,14.3191666667,12.5519166667
568.07,14.2956083333,35.7959166667,20.8793796296,15.8940833334,12.2274166667,16.23925,33.27775,18.16875,14.3695833334,12.5835
568.41,14.3399333333,35.8735,20.9294074074,15.97575,12.2939166667,16.3109166667,33.3048333333,18.2166666666,14.44425,12.63725
568.75,14.3670833333,35.9090833333,20.968787037,16.02725,12.3055,16.3454166666,33.3136666667,18.23475,14.48775,12.66825
569.09,14.3684166667,35.93725,20.9798240741,16.0984166667,12.28825,16.3474166667,33.35475,18.2383333333,14.5391666667,12.6765
569.43,14.3676,35.9444166667,20.9692314815,16.13625,12.294,16.3569166667,33.3418333333,18.2509166667,14.5458333333,12.6816666666
569.77,14.3620666667,35.98275,21.0008796296,16.2063333333,12.319,16.4011666667,33.3651666667,18.27125,14.5985,12.7081666667
570.11,14.3870916667,36.0326666667,21.0516296296,16.2536666667,12.3403333333,16.4506666667,33.385,18.3153333334,14.6823333333,12.7376666667
570.45,14.4629666667,36.1509166667,21.1411018519,16.384,12.395,16.5508333333,33.4733333333,18.3958333333,14.7763333333,12.8136666667
570.79,14.488525,36.1869166667,21.1759259259,16.4485833334,12.4228333333,16.5749166667,33.5055,18.4256666667,14.814,12.854
571.13,14.4762,36.2368333333,21.1723333333,16.499,12.4088333333,16.5823333334,33.5221666667,18.4043333333,14.8559166666,12.8503333334
571.47,14.4173833333,36.165,21.1046111111,16.4745,12.3409166667,16.51475,33.4625,18.3450833333,14.8278333333,12.8025
571.81,14.4478333333,36.1916666667,21.140537037,16.5155833333,12.3700833333,16.5228333333,33.4919166666,18.366,14.882,12.8331666666
572.15,14.4376833333,36.1879166667,21.1398148148,16.55975,12.3436666667,16.5024166667,33.4830833333,18.3535,14.89025,12.8244166667
572.49,14.44255,36.25575,21.1512037037,16.61675,12.3375833333,16.52275,33.5706666666,18.3796666667,14.9345833333,12.8139166667
572.83,14.3986416667,36.2410833333,21.1340277778,16.6224166667,12.3175,16.4940833333,33.5425,18.3586666667,14.91525,12.7638333333
573.17,14.4416,36.2984166667,21.1758796296,16.7,12.3381666667,16.5345,33.6185833333,18.3893333333,14.9956666666,12.7979166667
573.51,14.46845,36.3596666667,21.2220833333,16.7651666666,12.3450833333,16.54175,33.6801666667,18.4103333333,15.04475,12.7901666667
573.85,14.4552083334,36.3835833333,21.20775,16.8025833333,12.3425833333,16.5373333333,33.6916666667,18.3835,15.0525,12.7888333334
574.19,14.4504583333,36.3891666667,21.1976574074,16.8353333334,12.329,16.5145,33.7018333333,18.3529166666,15.0639166667,12.7578333333
574.53,14.4617166667,36.3995,21.1895,16.8751666666,12.3350833333,16.5063333333,33.6855,18.3538333333,15.09275,12.75225
574.87,14.5144583333,36.4404166667,21.2559722223,16.95875,12.38325,16.535,33.7125,18.41875,15.15525,12.8195833333
575.21,14.561525,36.5334166667,21.3105833333,17.031,12.421,16.5735,33.7491666667,18.4774166667,15.24175,12.8586666667
575.55,14.5444833334,36.5551666667,21.33375,17.0900833333,12.4231666667,16.5924166667,33.8054166667,18.4631666667,15.2694166667,12.8385
575.89,14.516725,36.5245833333,21.2963055555,17.0756666667,12.4088333333,16.5824166667,33.8009166667,18.4213333333,15.2714166666,12.8223333333
576.22,14.4894583333,36.49075,21.2830277778,17.05325,12.4044166667,16.5271666667,33.7565,18.3689166667,15.2551666667,12.7933333334
576.56,14.5337083333,36.5430833333,21.3110740741,17.1096666667,12.4586666667,16.5609166667,33.76875,18.40475,15.324,12.8740833333
576.90,14.5135916667,36.5595,21.3121203704,17.13025,12.4395833333,16.5399166667,33.7510833334,18.3711666667,15.3634166667,12.8913333333
577.24,14.5164833333,36.5198333333,21.2775277778,17.17075,12.4430833333,16.5624166667,33.7100833333,18.354,15.41675,12.9185833333
577.58,14.5725916667,36.53625,21.2884166667,17.1893333333,12.4724166667,16.5646666667,33.7069166667,18.3514166667,15.4866666667,12.9275833333
577.92,14.5524166667,36.5315,21.2913981482,17.2188333333,12.4923333333,16.57325,33.7126666667,18.3658333334,15.5665833333,12.9461666667
578.26,14.5406083333,36.5274166666,21.2823611111,17.2366666666,12.4701666667,16.5660833334,33.7389166667,18.35375,15.5955,12.9268333334
578.60,14.493125,36.5094166666,21.2383518519,17.21525,12.4340833333,16.55475,33.7035833334,18.28825,15.596,12.88425
578.94,14.4583333333,36.4795833333,21.2006296296,17.2309166667,12.4223333333,16.5470833333,33.6866666667,18.2291666667,15.57675,12.85025
579.28,14.5098833333,36.4764166666,21.1943611111,17.2725,12.4256666667,16.5494166666,33.6379166666,18.25775,15.6500833333,12.8983333333
579.61,14.5584833333,36.5440833333,21.2444629629,17.3173333333,12.42125,16.5795833334,33.6443333333,18.2928333333,15.7179166666,12.9269166667
579.95,14.578975,36.5845,21.2286574074,17.3880833333,12.4258333333,16.5926666667,33.6225833334,18.2726666667,15.76975,12.9505833334
580.29,14.5154833333,36.5960833333,21.2128333333,17.37325,12.3379166667,16.5649166666,33.6170833334,18.2079166667,15.7486666666,12.879
580.63,14.5558416667,36.6394166666,21.2575277778,17.443,12.38425,16.6190833333,33.6665,18.2649166667,15.8068333333,12.8865
580.97,14.5543833333,36.69725,21.2917037037,17.4705833333,12.3913333333,16.6210833333,33.6445,18.2573333334,15.8173333333,12.89
581.31,14.546125,36.7640833333,21.322787037,17.5866666667,12.4191666666,16.6595833333,33.7026666667,18.329,15.8876666667,12.913
581.65,14.6011833333,36.8341666667,21.3333796296,17.6829166667,12.4616666667,16.6929166666,33.71575,18.3516666667,15.9195833334,12.9461666667
581.98,14.635575,36.868,21.3826388889,17.7670833334,12.4856666666,16.737,33.7534166666,18.3736666667,15.9655,12.9808333333
582.32,14.6298416666,36.8335833333,21.4166388889,17.8013333333,12.4961666667,16.721,33.7620833333,18.392,16.0015,12.9686666667
582.66,14.6663583334,36.8758333333,21.4587314815,17.8958333333,12.52025,16.7393333333,33.7885,18.4480833333,16.0819166667,13.0265833333
583.00,14.6403,36.9013333333,21.478,17.9056666666,12.5125,16.7590833333,33.8046666667,18.4195,16.0866666667,13.016
583.34,14.690375,36.9546666667,21.5527962963,18.0490833334,12.5911666667,16.8419166667,33.8726666666,18.5104166667,16.2100833333,13.0965
583.68,14.6501333334,36.87125,21.5539907408,18.05825,12.5738333333,16.8456666667,33.8429166667,18.5216666666,16.1864166667,13.0860833333
584.01,14.681875,36.8791666667,21.5493796296,18.11375,12.6123333333,16.88175,33.8914166667,18.5668333333,16.2515833333,13.09925
584.35,14.7085916667,36.8805833334,21.5551111111,18.1955,12.6250833333,16.9131666667,33.8914166667,18.5751666667,16.2726666667,13.139
584.69,14.7953666667,36.905,21.6295462963,18.2945,12.6930833333,16.9885833333,33.996,18.6683333333,16.3859166666,13.2344166667
585.03,14.7937916667,36.8800833333,21.5946388889,18.31125,12.65775,16.9545833334,33.9885,18.6251666666,16.3548333333,13.23675
585.37,14.7736,36.82225,21.5844166667,18.2691666667,12.6085833333,16.9446666667,33.9720833333,18.5941666667,16.3595,13.2479166667
585.70,14.7235916667,36.8023333333,21.518962963,18.2610833334,12.5653333333,16.94175,33.9263333334,18.5536666666,16.3664166667,13.2445833334
586.04,14.8159083333,36.9121666667,21.5215833334,18.3604166666,12.596,16.9901666667,34.0003333333,18.6148333333,16.44175,13.307
586.38,14.8208583333,36.905,21.5009351852,18.3496666667,12.571,16.9653333333,34.0200833333,18.572,16.4644166666,13.2926666667
586.72,14.81825,36.9165833333,21.514537037,18.4321666667,12.5810833333,16.9583333333,34.0334166667,18.58575,16.5370833333,13.3201666666
587.06,14.6867416667,36.86025,21.3919537037,18.3070833333,12.4558333333,16.8340833333,33.9218333333,18.41225,16.42375,13.1965833334
587.39,14.7334833333,36.984,21.4521388889,18.3915833333,12.47975,16.9225833333,34.0025833333,18.4470833333,16.5458333333,13.2548333333
587.73,14.8076416666,37.0795,21.5342037037,18.5109166667,12.5655,16.981,34.06875,18.4949166667,16.6549166667,13.3298333333
588.07,14.8407,37.1431666667,21.6011944445,18.5695,12.5981666667,17.00925,34.1265833333,18.536,16.764,13.3685
588.41,14.8413083333,37.1876666667,21.6248518519,18.6270833333,12.6179166667,17.0161666667,34.1604166667,18.5469166667,16.8095833333,13.3803333333
588.74,14.8758833333,37.2133333334,21.6742962963,18.6686666667,12.6325833334,17.0445,34.1885,18.6103333333,16.8755833333,13.4179166667
589.08,14.8639333333,37.218,21.6987777778,18.7271666667,12.62725,17.0124166667,34.1935,18.6065833333,16.8915833333,13.3915
589.42,14.86855,37.233,21.7136111111,18.7558333333,12.6299166667,16.9786666667,34.2355833334,18.6226666667,16.9068333333,13.379
589.76,14.778175,37.2001666667,21.6571203704,18.745,12.56725,16.9288333333,34.2143333333,18.5359166666,16.8685,13.3220833333
590.09,14.7973833333,37.2956666667,21.7433425926,18.8574166667,12.6258333333,17.046,34.3235833333,18.6119166667,16.9406666667,13.3901666666
590.43,14.772375,37.2958333333,21.6895277778,18.84875,12.5644166667,17.0129166667,34.3129166667,18.5715833333,16.90525,13.319
590.77,14.8288583333,37.3375833333,21.7390833333,18.9430833333,12.6268333333,17.0635833333,34.4049166667,18.649,16.9789166667,13.3626666667
591.11,14.8380583333,37.3525833333,21.7422962963,18.9958333333,12.63675,17.0415,34.4144166666,18.6913333333,16.9985833333,13.3609166667
591.44,14.7660916667,37.31525,21.6855370371,18.98125,12.5638333334,16.9638333333,34.3504166667,18.6063333334,16.97225,13.317
591.78,14.7507416667,37.3299166666,21.6469444444,19.00125,12.512,16.9118333333,34.3506666666,18.57,16.95375,13.285
592.12,14.6825166667,37.2748333333,21.5143518519,18.9525833333,12.39825,16.8419166667,34.29425,18.4535,16.8874166667,13.2135833333
592.46,14.7200166667,37.3566666667,21.5644166667,19.0578333333,12.4629166667,16.9256666666,34.3596666667,18.45975,16.9695,13.2568333334
592.79,14.76065,37.4568333333,21.5846851852,19.1383333333,12.49825,16.9705833333,34.4216666667,18.4758333333,17.04125,13.2986666666
593.13,14.8060666667,37.5215,21.6834444445,19.24,12.5486666666,17.0298333333,34.4995,18.5040833333,17.16025,13.382
593.47,14.8384833334,37.5729166667,21.7483055556,19.27575,12.5978333333,17.07825,34.5231666667,18.5323333333,17.2315833333,13.3934166667
593.80,14.8393833333,37.55375,21.7489444445,19.2966666667,12.5598333333,17.0144166667,34.4388333333,18.5120833333,17.25575,13.3759166667
594.14,14.9159416667,37.6049166666,21.800287037,19.3773333333,12.5986666667,17.07725,34.5015833333,18.55675,17.35425,13.4364166667
594.48,14.9681833333,37.7050833334,21.8921203704,19.513,12.6458333333,17.1385,34.5990833333,18.6248333333,17.48425,13.4748333333
594.81,14.9996916667,37.7645,21.9782870371,19.57425,12.685,17.1935833333,34.6815,18.62775,17.56325,13.5120833334
595.15,15.0636083333,37.819,22.0633888889,19.6710833334,12.7264166666,17.2666666667,34.726,18.7095,17.6549166667,13.5635833333
595.49,15.1109833333,37.8286666667,22.1299907408,19.738,12.783,17.33375,34.7805833334,18.76375,17.7394166667,13.6170833333
595.82,15.1633833333,37.91875,22.2391574074,19.83875,12.84825,17.4170833333,34.8435833333,18.826,17.851,13.6779166666
596.16,15.1365333334,37.9513333333,22.253287037,19.8604166667,12.8341666666,17.40375,34.83775,18.8360833333,17.86175,13.67125
596.50,15.1466083333,37.98425,22.2905092593,19.9013333333,12.8515833333,17.4501666667,34.863,18.865,17.8859166667,13.6904166667
596.83,15.1328333333,37.997,22.2566666667,19.9079166667,12.8685,17.44825,34.8325,18.8654166666,17.9070833334,13.67425
597.17,15.1973083333,38.0668333333,22.3419259259,20.0408333333,12.90175,17.5278333333,34.88975,18.9585833333,18.0143333333,13.7539166667
597.51,15.2323,38.1086666667,22.3494814814,20.0935833333,12.9639166667,17.5734166667,34.934,18.97575,18.0600833333,13.7864166667
597.84,15.2270916666,38.1643333334,22.3886388889,20.13675,13.0131666667,17.5948333333,34.9606666666,18.9950833333,18.11425,13.83725
598.18,15.2878583333,38.2051666667,22.4589074074,20.19675,13.0851666667,17.6628333333,34.9996666667,19.0480833334,18.18025,13.9339166666
598.52,15.2796666667,38.2205,22.4167962963,20.2514166667,13.0978333333,17.6615833333,35.0006666667,19.065,18.2215833334,13.951
598.85,15.260125,38.1875,22.3930462963,20.2285833333,13.0954166667,17.6481666667,34.97175,19.012,18.2134166667,13.929
599.19,15.2028416667,38.1688333333,22.3299166667,20.20675,13.0559166667,17.61575,34.92925,18.9373333333,18.20875,13.8866666667
599.53,15.2517583333,38.2825,22.3823518519,20.3011666667,13.1396666667,17.63475,35.0246666667,19.0215833334,18.2856666667,13.90325
599.86,15.272025,38.3255833333,22.3878518519,20.3509166667,13.1661666667,17.6436666667,35.0684166667,19.0144166666,18.3585833333,13.9255833333
600.20,15.2827083334,38.3644166667,22.4288703704,20.3949166667,13.1925833333,17.645,35.08775,19.0146666667,18.4576666666,13.956
600.53,15.3424,38.439,22.4476666667,20.4645833333,13.1601666667,17.6596666667,35.1823333334,19.0273333333,18.5059166666,13.9623333333
600.87,15.2769916667,38.4091666667,22.4025740741,20.4531666666,13.1223333333,17.609,35.1955,18.9659166667,18.5091666667,13.9338333333
601.21,15.2327583333,38.4380833334,22.4045740741,20.4890833333,13.0903333333,17.6141666667,35.2246666667,18.9685833334,18.5415,13.9098333334
601.54,15.23795,38.4890833333,22.4501018519,20.56475,13.0875833333,17.6338333333,35.2945833333,19.01825,18.5869166667,13.9014166667
601.88,15.1829416667,38.4635833333,22.4209444444,20.6115833334,13.0414166667,17.6115,35.2734166667,18.9746666667,18.5664166666,13.8445833334
602.21,15.1775333333,38.39175,22.3605648148,20.5615,12.9709166667,17.5465833333,35.2095833333,18.9186666667,18.5444166667,13.79025
602.55,15.247675,38.4460833333,22.4315277777,20.6774166667,13.0300833333,17.6326666666,35.3270833333,19.03775,18.6375833333,13.8815833334
602.88,15.256925,38.4579166667,22.4941481481,20.72775,13.0366666666,17.6328333333,35.3568333333,19.0829166667,18.6519166667,13.9149166667
603.22,15.2369083333,38.4175,22.4858425926,20.7086666667,12.97525,17.6046666667,35.2986666667,19.0264166667,18.635,13.939
603.56,15.2280083333,38.386,22.4366759259,20.7549166667,12.9801666666,17.57725,35.2574166667,19.0125833334,18.6343333333,13.9266666667
603.89,15.2129166667,38.3479166667,22.3990648148,20.7821666667,12.9423333333,17.5489166667,35.2166666667,18.99125,18.6325,13.896
604.23,15.171475,38.32275,22.4018703704,20.829,12.9775833334,17.5684166667,35.1825,18.9766666667,18.6323333333,13.8935
604.56,15.1505666667,38.2844166667,22.3720925926,20.8276666666,12.9548333334,17.51725,35.11275,18.94425,18.6138333333,13.8375833333
604.90,15.14445,38.2805,22.3569166667,20.8475,12.92825,17.481,35.1210833334,18.9205,18.64125,13.7990833333
605.23,15.1276333333,38.2545833333,22.3274722222,20.8569166667,12.9274166667,17.46725,35.0815833333,18.8845833333,18.6305833333,13.7739166667
605.57,15.12545,38.2523333333,22.3013240741,20.8519166666,12.90325,17.4274166667,35.0445833333,18.8655833333,18.6446666667,13.7475833333
605.90,15.1308666667,38.3119166667,22.3318425926,20.9260833333,12.937,17.44175,35.0426666666,18.8806666667,18.6794166667,13.782
606.24,15.08185,38.3120833334,22.2885648148,20.9200833333,12.8860833334,17.3955,34.9673333333,18.8066666666,18.6523333333,13.7348333333
606.58,15.0262333333,38.28425,22.2241481482,20.9335833334,12.83425,17.36625,34.89075,18.7444166667,18.6754166667,13.67325
606.91,14.962875,38.2420833333,22.1693888889,20.9624166667,12.7959166667,17.3126666667,34.8768333333,18.7035,18.6626666667,13.599
607.25,14.9201666667,38.2041666667,22.1925555556,20.9453333333,12.7294166666,17.3095,34.8849166667,18.6725,18.6988333333,13.5758333334
607.58,14.9133416667,38.1575,22.1489074074,20.89525,12.6665833333,17.2845833333,34.82425,18.6161666667,18.6966666667,13.5463333333
607.92,14.9336333334,38.1183333334,22.130425926,20.8541666667,12.6494166667,17.2864166667,34.7518333333,18.6238333333,18.7946666666,13.5449166667
608.25,14.9386583333,38.1164166666,22.0726481482,20.8495,12.6413333333,17.3088333334,34.7238333333,18.6226666666,18.8500833333,13.5811666667
608.59,14.9360166667,38.0751666666,22.0675185185,20.8326666666,12.6290833333,17.34425,34.6511666666,18.5921666667,18.8965833334,13.62175
608.92,14.8376666667,37.9005,21.9386481482,20.7026666666,12.5178333333,17.2196666666,34.492,18.4656666667,18.8630833333,13.53325
609.26,14.7656583333,37.7843333333,21.8343148148,20.6325833333,12.44575,17.1595833333,34.3944166667,18.3763333333,18.8573333333,13.4779166667
609.59,14.7808583333,37.74175,21.8151203704,20.6818333333,12.4544166666,17.174,34.3638333334,18.3789166666,18.9378333333,13.4900833333
609.93,14.787425,37.7074166667,21.8122407407,20.7013333334,12.49075,17.2055833333,34.3448333333,18.36025,19.0405,13.48875
610.26,14.7409416667,37.5924166667,21.6985740741,20.6759166667,12.4469166667,17.1448333334,34.2483333333,18.27875,19.0125,13.4559166667
610.60,14.708925,37.4778333333,21.632537037,20.6274166667,12.413,17.1435,34.1350833333,18.2355,19.0293333333,13.4455833334
610.93,14.7000583333,37.4074166667,21.5483425926,20.61925,12.3849166666,17.1391666667,34.0118333333,18.1703333334,19.0221666667,13.4135
611.27,14.664925,37.4250833334,21.5743425926,20.674,12.4153333333,17.1848333333,34.059,18.1994166667,19.0754166666,13.3916666666
611.60,14.5732083333,37.3170833333,21.4914814815,20.6611666667,12.3176666667,17.1043333333,33.9606666667,18.1055833333,18.9878333333,13.3100833333
611.93,14.5669083333,37.2720833333,21.4768703704,20.6903333334,12.2884166667,17.0851666667,33.9159166667,18.044,18.9893333333,13.2925833333
612.27,14.52505,37.1881666666,21.4193888889,20.6968333333,12.2393333334,17.0574166667,33.8168333333,17.9903333333,18.9690833333,13.22075
612.60,14.64765,37.362,21.5343055555,20.8899166666,12.3306666667,17.1609166667,33.8995,18.0675,19.1045,13.3051666667
612.94,14.665525,37.4449166667,21.597537037,20.9819166667,12.3688333333,17.2203333334,33.9439166666,18.08275,19.1645,13.3458333333
613.27,14.6629666667,37.5236666667,21.6283240741,21.0101666667,12.3559166666,17.2323333333,33.99525,18.0773333334,19.1895833334,13.3446666667
613.61,14.637075,37.5334166667,21.5628888889,21.0045833334,12.272,17.14475,33.9808333333,18.028,19.1181666667,13.2694166667
613.94,14.72405,37.7100833333,21.7195740741,21.077,12.3495,17.2005,34.0816666667,18.1265833333,19.2536666667,13.33875
614.28,14.734625,37.82475,21.738037037,21.15925,12.35675,17.1863333333,34.1290833333,18.1444166666,19.28525,13.3255
614.61,14.7635583333,37.9854166667,21.8513240741,21.258,12.4460833333,17.2335,34.2849166667,18.233,19.4039166667,13.4124166666
614.94,14.8276416666,38.0758333333,21.9222592593,21.3628333334,12.4971666666,17.283,34.3188333333,18.26625,19.47325,13.4949166667
615.28,14.943325,38.2948333333,22.0834166667,21.5336666666,12.6221666666,17.4018333333,34.5015833333,18.37825,19.6093333333,13.6198333333
615.61,14.9402166667,38.36775,22.1283518518,21.5930833333,12.6535833333,17.4144166667,34.5865833333,18.4106666666,19.6598333333,13.6251666667
615.95,14.9764,38.4916666666,22.1920833333,21.66825,12.7551666667,17.4565833334,34.8005,18.4988333333,19.76725,13.7123333333
616.28,14.937325,38.49375,22.2446203704,21.68925,12.7320833333,17.5231666666,34.8393333333,18.5156666667,19.7504166667,13.7428333333
616.61,15.0344833333,38.6193333333,22.3146203703,21.7864166667,12.7698333333,17.5496666666,34.9519166667,18.6140833333,19.8070833333,13.8138333334
616.95,15.0717166666,38.6808333334,22.4172685185,21.8988333333,12.8400833333,17.6340833333,35.02325,18.6898333334,19.8735833333,13.9124166666
617.28,15.2152416667,38.8350833333,22.5612685185,22.1011666667,13.0004166667,17.7644166667,35.1325833333,18.8454166666,20.0745833333,14.131
617.62,15.2785333333,38.904,22.60475,22.2604166667,13.1005833333,17.9111666667,35.24775,18.93875,20.1880833333,14.2254166667
617.95,15.3643416667,38.9823333333,22.7010833333,22.3585,13.1736666667,17.9993333333,35.3253333333,18.97975,20.2955,14.2910833334
618.28,15.3914833333,38.9879166667,22.7142592593,22.3929166666,13.1363333334,18.0425,35.3056666667,18.9914166667,20.34025,14.2805833333
618.62,15.3893583333,38.9764166667,22.6835648148,22.4228333333,13.134,18.0115833333,35.2853333333,18.9749166666,20.3435,14.2841666667
618.95,15.3722583333,38.9720833333,22.6876666667,22.4584166667,13.113,18.0155833333,35.2868333333,18.97025,20.37375,14.30925
619.28,15.385425,38.9783333333,22.7093888889,22.4815,13.0961666667,18.05775,35.3111666667,18.9849166667,20.4024166667,14.3146666666
619.62,15.4184166666,38.9478333333,22.6929537037,22.5416666667,13.11,18.0516666667,35.2384166666,18.9956666666,20.403,14.3609166667
619.95,15.5285333333,39.0884166666,22.7278981482,22.66625,13.20475,18.1581666667,35.3715,19.0975833333,20.5476666666,14.4611666667
620.28,15.5432,39.0215833334,22.6978518519,22.7223333334,13.2429166667,18.1969166667,35.32825,19.0866666667,20.6065,14.4815833333
620.62,15.4876166667,38.9230833333,22.6103240741,22.6730833333,13.1863333333,18.1459166667,35.2545833333,19.0036666666,20.5855833334,14.3978333333
620.95,15.388025,38.8493333333,22.5328055555,22.5948333333,13.1251666666,18.1263333334,35.2071666667,18.9284166667,20.52275,14.2881666667
621.28,15.277975,38.8306666667,22.4880740741,22.5269166667,13.0033333333,18.017,35.1261666667,18.8104166667,20.4285833333,14.1598333333
621.62,15.2402083334,38.9133333333,22.4833611111,22.5665,13.006,18.0279166667,35.1613333334,18.8331666667,20.4323333334,14.141
621.95,15.3205083333,38.92725,22.5170092593,22.6963333333,13.1030833333,18.0804166667,35.2071666666,18.9194166667,20.49575,14.19375
622.28,15.229675,38.8569166667,22.4035185185,22.6776666667,13.04625,18.0373333333,35.16825,18.8783333333,20.4355,14.1053333333
622.62,15.1829416667,38.853,22.3226574074,22.6706666667,12.99725,18.0008333333,35.1224166667,18.82725,20.4161666667,14.0296666666
622.95,15.1917416667,38.9439166666,22.3570925926,22.77675,13.0014166666,18.0045833333,35.19925,18.85325,20.4474166666,14.02
623.28,15.1959,39.0395833333,22.4295555556,22.8470833333,12.9974166667,18.0370833333,35.30925,18.8884166667,20.5015833333,13.9906666667
623.62,15.13825,38.9038333333,22.3911944445,22.821,12.9394166667,17.9681666666,35.224,18.8060833333,20.4684166667,13.9338333333
623.95,15.1532416667,38.95125,22.4519444444,22.8886666667,12.9875833333,18.0268333333,35.2678333333,18.8581666666,20.5576666667,13.96275
624.28,15.2516416667,39.0620833334,22.5900185185,23.0005833333,13.07275,18.1333333333,35.3745,18.9851666667,20.6713333333,14.04125
624.62,15.3146583333,39.1365833333,22.7058148148,23.131,13.0913333334,18.1788333333,35.4515833333,19.0535833333,20.7370833333,14.1245833333
624.95,15.3358,39.1521666667,22.74025,23.2164166667,13.1505,18.1926666667,35.5075,19.0916666667,20.7883333333,14.1504166667
625.28,15.3720166667,39.0826666666,22.7463981481,23.2218333333,13.1079166667,18.1934166667,35.5055,19.0545833333,20.8290833333,14.17325
625.61,15.2356166667,39.0154166667,22.6611666667,23.1263333333,12.9600833333,18.0711666667,35.4151666667,18.903,20.7273333333,14.1026666667
625.95,15.3385916667,39.1484166667,22.7926388889,23.26225,13.0486666667,18.1118333333,35.5316666666,18.98125,20.8756666667,14.1975833333
626.28,15.3985833334,39.2591666667,22.909287037,23.3708333333,13.1038333333,18.17075,35.6534166667,19.0771666667,20.9885833333,14.29725
626.61,15.4184083334,39.2145,22.8807777778,23.3573333333,13.1610833333,18.1865833333,35.61925,19.0601666667,21.0495,14.3256666667
626.94,15.4203416666,39.2004166666,22.8556018519,23.3658333334,13.1755833333,18.1590833333,35.553,19.0646666667,21.1079166667,14.3394166667
627.28,15.4122333333,39.226,22.8448981482,23.4379166667,13.1876666667,18.1408333334,35.54025,19.0639166667,21.1331666667,14.36075
627.61,15.4272666667,39.2750833333,22.8884166666,23.4786666667,13.1890833334,18.1495833334,35.5625,19.0881666667,21.1805833333,14.3763333334
627.94,15.3499416667,39.2593333333,22.825287037,23.47425,13.1315,18.1069166667,35.5254166667,19.0108333333,21.2035833333,14.3306666667
628.27,15.2790416667,39.21625,22.7043611111,23.4144166666,13.0410833333,18.0323333333,35.4076666667,18.9275,21.1778333333,14.21925
628.61,15.2504666667,39.1753333333,22.619037037,23.3354166666,12.9425,17.9815833333,35.33775,18.8543333333,21.2080833334,14.2105833333
628.94,15.215,39.18475,22.5824259259,23.3588333333,12.98525,17.9755,35.2999166667,18.8424166666,21.2333333333,14.2530833333
629.27,15.3445583333,39.3136666667,22.6575555556,23.4796666667,13.1490833333,18.1010833333,35.4033333333,18.9766666667,21.40275,14.3481666667
629.60,15.3514916667,39.2845833333,22.66025,23.4978333333,13.1913333333,18.1629166667,35.3855833333,19.0004166667,21.47475,14.41525
629.94,15.3471,39.2788333334,22.6262222222,23.4960833333,13.232,18.1694166667,35.3169166667,18.9818333333,21.4751666667,14.38625
630.27,15.3748083333,39.3508333334,22.7085555555,23.5924166667,13.2315,18.2048333333,35.301,19.0405,21.5248333333,14.42525
630.60,15.4476666667,39.4529166666,22.810712963,23.6675,13.2820833333,18.3295,35.4096666666,19.0665,21.6073333333,14.43675
630.93,15.4433,39.60175,22.8349722223,23.6928333333,13.284,18.3524166667,35.4965,19.11425,21.6696666666,14.4389166667
631.26,15.469925,39.67775,22.8753796296,23.7689166667,13.2826666667,18.4024166667,35.60625,19.1545833333,21.7259166667,14.4916666667
631.60,15.595875,39.7436666667,22.9248425926,23.9010833334,13.3746666667,18.45075,35.71,19.2240833333,21.8036666666,14.563
631.93,15.6707666666,39.79425,23.0163425926,24.0355833334,13.4578333333,18.5319166667,35.8240833334,19.29275,21.89525,14.6644166667
632.26,15.7923666667,39.9344166667,23.1293333334,24.1994166666,13.5714166667,18.6746666667,35.9276666667,19.4219166667,21.9680833334,14.7509166667
632.59,15.903325,40.0240833333,23.2667314815,24.3586666667,13.6195,18.7801666667,36.03725,19.538,22.1245,14.8323333334
632.92,15.808125,39.927,23.2207777778,24.31075,13.4931666667,18.70675,36.0066666667,19.4331666667,22.0248333333,14.73
633.26,15.8391,39.9671666667,23.253962963,24.3439166667,13.4470833333,18.7161666667,36.0808333334,19.43175,22.0231666667,14.7255833333
633.59,15.81865,39.9219166667,23.2519166667,24.3898333333,13.4151666667,18.6845833333,36.0903333334,19.3964166667,22.0300833333,14.697
633.92,15.9244166667,39.9964166666,23.3714444444,24.52425,13.506,18.7784166666,36.2121666666,19.4685,22.1884166667,14.8395833333
634.25,15.8758833333,39.987,23.3367222222,24.5831666667,13.4714166667,18.733,36.20525,19.42325,22.19675,14.8810833333
634.58,15.8995,39.9556666667,23.3717222222,24.6058333333,13.4489166667,18.7529166667,36.1908333333,19.4041666667,22.2426666667,14.885
634.91,15.9689666667,39.94975,23.3950648148,24.6814166667,13.52025,18.8241666667,36.2016666667,19.4101666666,22.306,14.9241666667
635.25,15.8572083334,39.896,23.3453333333,24.5958333333,13.4154166667,18.75125,36.0786666667,19.33975,22.2339166666,14.8579166667
635.58,15.8430916667,39.866,23.3194444444,24.5655,13.3564166667,18.7090833333,36.06575,19.3131666667,22.2341666667,14.8418333333
635.91,15.8601666667,39.86425,23.3502777778,24.6311666667,13.3974166667,18.7095833334,36.0940833333,19.3610833333,22.2798333333,14.8981666667
636.24,15.8524083333,39.83475,23.3106111111,24.6088333333,13.38975,18.6448333333,36.0821666667,19.30175,22.24075,14.8738333333
636.57,15.9541583333,39.9774166667,23.4818611111,24.8130833334,13.56525,18.7479166667,36.1899166666,19.42,22.4561666666,15.029
636.90,15.851475,39.8915,23.3932777778,24.7985833333,13.5049166667,18.6659166666,36.0869166667,19.3291666666,22.4515,14.94775
637.23,15.9094916667,39.8895833333,23.4217222223,24.8318333333,13.52325,18.7324166667,36.1216666667,19.3448333333,22.52375,15.0568333333
637.56,15.8349666667,39.80775,23.3204814815,24.7915833333,13.4908333333,18.6784166667,35.99175,19.2823333333,22.4439166667,14.9733333334
637.90,15.8212916667,39.71375,23.2426018519,24.7360833333,13.4175,18.6403333333,35.93275,19.2395833333,22.3356666667,14.9545833333
638.23,15.8067,39.6400833333,23.1889907408,24.7065833333,13.4448333333,18.5974166667,35.9055833333,19.2225833333,22.301,14.9423333333
638.56,15.6963166667,39.55775,23.1234259259,24.6163333333,13.3776666667,18.4775833334,35.8234166667,19.12475,22.2415,14.8575833333
638.89,15.8471416666,39.64275,23.1945185185,24.8105833333,13.4751666667,18.64225,35.9305833333,19.2346666667,22.3753333333,14.9815833333
639.22,15.8336666667,39.7641666667,23.2695925926,24.8881666667,13.55125,18.7053333333,36.0044166667,19.28875,22.4678333333,15.0301666667
639.55,15.7293666667,39.7505,23.208962963,24.8239166666,13.49925,18.67375,35.9381666667,19.1505,22.432,14.9395833333
639.88,15.6713916666,39.7284166667,23.1396851852,24.7860833333,13.4625,18.6996666667,35.9119166667,19.1250833333,22.424,14.8859166667
640.21,15.51025,39.6286666667,22.9331944444,24.6198333333,13.2729166666,18.5399166667,35.7638333333,18.9430833333,22.2920833333,14.7421666667
640.54,15.5589916666,39.711,22.9666759259,24.6265,13.32525,18.6145,35.7790833333,18.995,22.3125,14.76525
640.87,15.537175,39.75125,22.9007592593,24.60425,13.2791666667,18.5694166666,35.7460833333,18.9533333334,22.3079166667,14.62
641.20,15.608625,39.79825,22.9578888889,24.5929166667,13.2933333333,18.6394166667,35.8274166667,18.9699166667,22.4105,14.6793333333
641.53,15.6881083333,39.9446666667,23.1016296296,24.7958333334,13.3796666666,18.7403333333,35.8893333333,19.1115833333,22.5756666667,14.7225833333
641.87,15.8157416667,40.0783333334,23.2476851852,24.988,13.5003333333,18.86025,35.9745833333,19.1924166667,22.6809166666,14.831
642.20,15.9395916666,40.2604166667,23.3545833333,25.1286666667,13.6136666666,19.01525,36.1104166666,19.3021666667,22.81575,14.96125
642.53,15.8189666667,40.2265,23.2416203703,25.0235,13.5564166667,18.90025,36.0635833334,19.2016666666,22.7364166667,14.91275
642.86,15.8408083333,40.1190833333,23.1779722222,24.99925,13.5425833333,18.87325,36.0129166667,19.1438333334,22.7075,14.9009166667
643.19,15.9245833333,40.0741666667,23.2103055556,25.07,13.56275,18.8595,36.0316666667,19.2214166667,22.7118333333,14.9418333334
643.52,15.8309583333,40.0728333333,23.1997685185,25.081,13.4719166667,18.7211666666,36.0311666667,19.2009166667,22.7095,14.8575833333
643.85,15.943925,40.1300833333,23.3121574074,25.19825,13.5708333334,18.87125,36.1565833333,19.29175,22.8451666667,14.91675
644.18,15.9766166667,40.2154166667,23.3931481481,25.3526666667,13.6365,18.9616666667,36.2905,19.3710833333,22.93275,14.9406666666
644.51,15.9475833333,40.1670833333,23.4212592593,25.4210833334,13.657,18.9641666667,36.3009166667,19.4051666667,23.014,15.0479166667
644.84,15.7246916667,39.9801666667,23.1963333333,25.31075,13.4486666667,18.71575,36.1069166667,19.1871666667,22.75075,14.8803333333
645.17,15.710625,39.9954166667,23.1718518519,25.2894166666,13.4775833333,18.73075,36.1674166667,19.162,22.7479166666,14.8910833333
645.50,15.5392583334,39.8029166667,23.0099351852,25.1400833333,13.3005833333,18.5698333334,35.9935833334,19.0171666666,22.6650833333,14.7065
645.83,15.3475583333,39.6236666666,22.8404166667,25.0619166667,13.12575,18.3153333333,35.8015,18.871,22.54625,14.5453333333
646.16,15.3617916667,39.6155833334,22.9401111111,25.12275,13.1594166667,18.3178333333,35.7969166666,18.93025,22.6145,14.5575
646.49,15.358425,39.6648333333,22.9908333333,25.1790833333,13.1758333334,18.3211666667,35.80725,18.94325,22.6974166666,14.55175
646.82,15.2394583334,39.63775,22.8917407407,25.1485,13.05725,18.2441666666,35.7331666667,18.8120833333,22.6933333334,14.4600833333
647.15,15.3159666666,39.6705,22.9445185185,25.1963333333,13.13625,18.3521666667,35.7605,18.8614166667,22.757,14.5485833334
647.48,15.2487416667,39.6665,22.8896944444,25.1496666667,13.0436666666,18.2750833333,35.6836666666,18.8610833333,22.7001666667,14.5116666667
647.81,15.17105,39.4768333333,22.6903425926,24.9555833333,12.9173333333,18.1106666667,35.4883333333,18.759,22.6598333334,14.49625
648.14,15.219025,39.5035,22.6766574074,24.9720833333,12.8875,18.1213333333,35.4868333333,18.7430833333,22.6476666667,14.50825
648.47,15.4355833333,39.7748333333,22.8719351852,25.2156666667,13.0988333333,18.3350833333,35.7575833333,18.9915833334,22.8945833333,14.689
648.80,15.3806333333,39.68125,22.8208703704,25.17075,12.9854166666,18.2649166666,35.69225,18.871,22.8890833333,14.6109166667
649.13,15.4816583333,39.8700833333,22.9487962963,25.3705833333,13.08375,18.4151666667,35.91275,19.0520833333,23.071,14.77725
649.46,15.6631833334,40.0174166666,23.1314814815,25.4846666667,13.201,18.60925,36.096,19.1824166667,23.2229166667,14.8990833333
649.79,15.6985833334,40.1205,23.120212963,25.6275,13.1870833333,18.6558333333,36.1930833333,19.1535833333,23.23275,14.9005
650.11,15.6473,40.13225,23.0917777778,25.7063333333,13.1421666667,18.6615,36.2099166667,19.1740833333,23.2114166667,14.87425
650.44,15.857725,40.3659166667,23.3460277778,26.0021666667,13.3223333333,18.9121666667,36.4863333333,19.4140833333,23.4823333333,15.0514166667
650.77,15.844075,40.3679166667,23.3646481481,26.1114166667,13.3095,18.943,36.46475,19.4116666667,23.5126666667,15.01975
651.10,15.95955,40.4555,23.5078703704,26.2878333333,13.4009166667,19.0458333333,36.5550833333,19.5123333333,23.6318333333,15.1395
651.43,16.0195583333,40.52025,23.6205,26.4813333334,13.4391666667,19.09775,36.63925,19.513,23.6694166667,15.1441666667
651.76,15.9973333333,40.53475,23.5946111111,26.47175,13.4476666667,19.0626666667,36.5936666667,19.5064166667,23.633,15.12075
652.09,15.9136083334,40.4771666667,23.6158703703,26.4971666666,13.4153333334,19.0591666667,36.518,19.4740833334,23.68375,15.0353333333
652.42,15.9511666667,40.6000833333,23.6811481482,26.5911666667,13.4658333333,19.1104166667,36.60025,19.5483333333,23.8165833333,15.12525
652.75,15.9357,40.5220833333,23.6296759259,26.5325,13.4564166667,19.0625,36.524,19.4515833333,23.7220833333,15.0565833333
653.08,15.78655,40.514,23.5010092593,26.5185,13.316,18.9451666667,36.43425,19.36475,23.654,14.893
653.41,15.7861833333,40.5831666667,23.5809537037,26.4885,13.3348333333,18.9338333333,36.4235,19.3909166667,23.745,14.9055833334
653.74,15.78055,40.5139166667,23.5748425926,26.4300833333,13.2576666667,18.91375,36.4356666667,19.3035,23.7356666667,14.9105
654.06,15.57965,40.2848333333,23.3690555556,26.2228333333,13.12675,18.7278333333,36.2225833334,19.1195,23.5895,14.7696666667
654.39,15.60015,40.28825,23.3592037037,26.2130833333,13.1383333333,18.728,36.2411666667,19.06725,23.6184166667,14.7798333334
654.72,15.6138,40.2796666667,23.2757222222,26.2529166667,13.1714166666,18.7151666667,36.2311666667,19.0289166667,23.62025,14.775
655.05,15.6775,40.4479166667,23.4113796296,26.3451666667,13.26,18.8213333334,36.32125,19.131,23.7325833333,14.8779166667
655.38,15.6761833333,40.47925,23.491287037,26.4319166667,13.31075,18.8559166667,36.35975,19.1606666667,23.8405833333,14.8918333334
655.71,15.5479583333,40.3510833333,23.3480833334,26.2711666667,13.1945,18.7015,36.28025,19.04925,23.7090833334,14.78975
656.04,15.6094416667,40.3804166667,23.3961111111,26.38025,13.2604166667,18.7425833333,36.3345,19.15275,23.7289166667,14.8724166667
656.37,15.6675666667,40.598,23.5170740741,26.56075,13.31,18.8853333333,36.5221666667,19.2971666666,23.9331666666,14.9713333333
656.69,15.8664583333,40.60425,23.6554351852,26.6551666667,13.5086666667,19.02675,36.5499166667,19.4615,24.0674166667,15.2095833333
657.02,15.87625,40.5595833333,23.5818611111,26.6255833333,13.5066666667,19.0189166667,36.5998333333,19.4565,24.0944166666,15.2343333333
657.35,15.9835833333,40.7268333333,23.6969444445,26.8019166667,13.64475,19.155,36.7253333333,19.5814166667,24.2515833333,15.33675
657.68,16.114025,40.8050833333,23.8011018518,26.9150833333,13.732,19.2941666666,36.8231666667,19.6928333333,24.3676666667,15.4558333334
658.01,16.1263416666,40.87725,23.8688055556,26.943,13.7325,19.3218333333,36.8761666667,19.7605833333,24.4745833333,15.4894166667
658.34,16.09985,40.9300833333,23.8891574074,26.9539166667,13.6821666666,19.3363333333,36.9416666667,19.7755833333,24.4903333334,15.4788333333
658.66,16.1220916667,40.9308333333,23.8480092592,26.933,13.66225,19.3336666667,36.95025,19.7970833333,24.534,15.4800833333
658.99,16.1757916667,41.0333333333,23.9093055555,27.0235833333,13.7050833334,19.429,37.0509166666,19.8531666667,24.6435833333,15.5548333333
659.32,16.3229333334,41.1584166667,24.0427685185,27.1893333333,13.85525,19.601,37.1908333333,19.9836666667,24.7770833333,15.7085
659.65,16.2413666667,41.1380833333,23.9973148148,27.1244166667,13.8411666667,19.5748333333,37.11025,19.9415833333,24.7583333333,15.6078333333
659.98,16.1868416667,41.0784166667,23.9214907407,27.0809166667,13.82775,19.48625,37.0401666666,19.8675833333,24.7025833333,15.5356666667
660.31,16.0589166667,41.06275,23.8395277778,27.0890833333,13.75125,19.4333333333,37.0263333333,19.7515,24.6758333333,15.4553333333
660.63,15.9418833333,40.99075,23.7939907408,27.1010833333,13.6778333333,19.3979166667,36.9890833333,19.6675,24.635,15.3308333334
660.96,15.94255,40.9588333334,23.7323796296,27.0669166667,13.7016666667,19.41375,36.92825,19.603,24.65825,15.2875833333
661.29,15.9284583334,41.0039166667,23.7095277778,27.0998333333,13.6853333334,19.3803333333,36.8675833333,19.5658333333,24.6214166667,15.25625
661.62,15.7789583333,40.8333333333,23.5839722222,27.0189166667,13.6025833333,19.2666666666,36.7173333333,19.4640833334,24.4731666667,15.147
661.94,15.8178083333,40.778,23.6340925926,27.0353333333,13.6811666667,19.29075,36.7045,19.4831666667,24.5526666667,15.13225
662.27,15.6994583333,40.6604166667,23.5659166667,26.98525,13.6201666667,19.21975,36.5685833333,19.3651666667,24.4794166667,15.0175833333
662.60,15.5964583334,40.5475833333,23.5169537037,26.9225,13.4991666667,19.109,36.4801666666,19.2851666667,24.3411666667,14.9194166667
662.93,15.49965,40.4289166667,23.3884351852,26.8633333333,13.4058333333,18.9779166667,36.3606666667,19.185,24.3029166667,14.7790833333
663.26,15.4750083334,40.3901666667,23.36,26.9103333333,13.3921666667,18.9420833333,36.3478333334,19.1339166667,24.3029166666,14.7915833334
663.58,15.4768083334,40.3231666667,23.3667222222,26.89875,13.4004166666,18.9159166667,36.2349166667,19.1305,24.3294166667,14.8866666667
663.91,15.383825,40.1945833333,23.2749259259,26.7646666667,13.2421666667,18.8671666667,36.1375,19.04175,24.2250833333,14.7684166667
664.24,15.4648833334,40.234,23.3354351852,26.7688333333,13.3059166667,18.8864166666,36.07625,19.0633333333,24.2774166667,14.9468333333
664.57,15.330925,40.1694166667,23.2987962963,26.7551666667,13.1685833333,18.8409166667,35.9920833333,19.02675,24.2135833333,14.87975
664.89,15.295725,40.07975,23.2615648148,26.6778333333,13.12475,18.7909166666,35.9755833333,19.008,24.1718333333,14.8866666667
665.22,15.5487916667,40.3515833333,23.3484537037,26.9249166667,13.349,18.9773333333,36.2138333334,19.2125833334,24.3139166667,15.082
665.55,15.53275,40.3556666667,23.3006759259,26.902,13.2910833333,18.9325833333,36.1958333333,19.1720833333,24.3048333333,15.12775
665.87,15.6289,40.4960833333,23.4387592592,27.0654166667,13.4450833333,19.0586666667,36.352,19.31425,24.4215,15.2655
666.20,15.7069416667,40.5016666667,23.4518796296,27.08725,13.5475,19.1188333334,36.43275,19.3924166667,24.5394166667,15.3806666667
666.53,15.6529916666,40.5153333333,23.4176203704,27.00875,13.4166666667,19.05925,36.351,19.32325,24.4773333333,15.3650833333
666.86,15.680325,40.4809166667,23.4078796296,26.9855,13.3764166666,19.0434166667,36.3148333333,19.3090833333,24.4610833333,15.3813333333
667.18,15.7776333333,40.54025,23.4404259259,27.1466666667,13.458,19.1584166667,36.4144166666,19.33575,24.587,15.37775
667.51,15.8585,40.67675,23.4743703704,27.23625,13.53825,19.1695,36.45375,19.36875,24.6885833333,15.42925
667.84,15.889225,40.7114166667,23.5033888889,27.3220833333,13.51675,19.22825,36.50775,19.4643333333,24.7236666667,15.3848333333
668.16,16.0458583333,40.8205,23.6354259259,27.4456666667,13.62875,19.2635833333,36.6219166667,19.6055,24.84525,15.5386666667
668.49,15.9834916667,40.7625833334,23.6196481481,27.4194166667,13.606,19.2270833333,36.6048333333,19.57875,24.907,15.4819166667
668.82,15.9389166667,40.7703333333,23.673462963,27.4560833334,13.5309166667,19.2415833334,36.6025833333,19.5215,25.0021666667,15.5204166667
669.14,15.9364666667,40.8084166667,23.6445277777,27.4968333334,13.49175,19.24575,36.58075,19.5681666667,24.9765833333,15.5115833333
669.47,15.99215,40.8323333334,23.6583333334,27.5063333333,13.4688333333,19.2823333333,36.6284166666,19.5535,24.9933333333,15.57125
669.80,16.1067916667,40.8775,23.7450370371,27.6220833333,13.5155833333,19.3604166666,36.6299166667,19.5958333334,25.1076666667,15.6015833333
670.13,16.24215,41.051,23.9347037037,27.89175,13.731,19.5809166667,36.8769166667,19.8054166667,25.2955,15.75425
670.45,16.3707333333,41.2260833333,24.0970092593,28.0848333333,13.88625,19.76275,37.0416666667,19.9365833333,25.5020833334,15.8898333334
670.78,16.310725,41.17325,24.0611944444,27.9938333334,13.8021666667,19.776,36.9453333333,19.9364166667,25.4201666667,15.887
671.10,16.3665333333,41.1463333333,24.1354444445,28.1174166667,13.90225,19.8209166667,37.0171666667,20.0665833333,25.4546666667,15.97675
671.43,16.5207083333,41.2461666667,24.251787037,28.2368333333,14.1124166666,19.8648333333,37.17,20.1979166667,25.53925,16.0914166666
671.76,16.4400083333,41.1806666667,24.1457407407,28.1531666667,14.0865,19.7644166667,37.1546666667,20.1186666667,25.507,15.976
672.08,16.5550333333,41.387,24.2689814815,28.3615833333,14.1546666667,19.85575,37.31375,20.2188333333,25.5746666666,16.042
672.41,16.60135,41.39975,24.3212407407,28.3488333334,14.1821666667,19.8779166667,37.2915,20.2778333333,25.6080833334,16.00225
672.74,16.5622666667,41.3460833334,24.3212037037,28.384,14.1973333333,19.8540833333,37.2461666667,20.2264166667,25.6014166667,15.9714166667
673.06,16.50685,41.288,24.2323981482,28.4556666667,14.1281666667,19.7498333333,37.1595,20.2094166667,25.6195,15.9335
673.39,16.4016666667,41.3136666667,24.1879259259,28.4665,14.1303333333,19.712,37.2504166667,20.1466666666,25.54075,15.936
673.72,16.4279,41.2556666667,24.141962963,28.4459166666,14.0768333333,19.7065,37.2379166667,20.0635833333,25.5525833334,15.96975
674.04,16.413225,41.11125,24.0185185185,28.3403333333,13.99075,19.59325,37.0795833333,19.98725,25.46875,15.9803333333
674.37,16.4575,41.1345833334,24.1780555555,28.46425,14.0835,19.61975,37.2425,20.0621666667,25.6280833333,16.0890833334
674.69,16.473175,41.1775833333,24.2818796296,28.4941666666,14.1541666666,19.7075833334,37.303,20.0464166667,25.6995833333,16.1419166667
675.02,16.4089166667,41.1184166666,24.2915462963,28.4481666667,14.047,19.742,37.2865,19.95575,25.7381666666,16.1283333333
675.35,16.5812583334,41.2285833333,24.4802037037,28.6506666667,14.1296666666,19.86675,37.3988333333,20.1174166667,25.88775,16.3098333333
675.67,16.53805,41.2770833333,24.3722777778,28.5944166666,14.12025,19.81475,37.3015,20.0615,25.9185,16.29675
676.00,16.5719833333,41.27275,24.3865185185,28.687,14.241,19.885,37.3931666667,20.1154166666,25.9705833333,16.371
676.32,16.5494166667,41.34275,24.405462963,28.6836666667,14.2559166667,19.8765,37.47625,20.0763333333,26.0329166667,16.3718333334
676.65,16.6294833333,41.3439166667,24.4868611111,28.6893333333,14.3126666666,19.9245833333,37.5506666667,20.0684166667,26.02825,16.3815
676.97,16.5843,41.3108333333,24.3477962963,28.6485833333,14.1829166666,19.9010833333,37.444,20.0444166667,26.05025,16.305
677.30,16.7078583333,41.4819166667,24.3774259259,28.779,14.3006666667,19.9763333334,37.5595,20.1408333333,26.13775,16.4409166667
677.63,16.71905,41.5843333333,24.4459444444,28.90325,14.3424166667,20.0339166667,37.7994166667,20.1906666667,26.1915,16.4460833333
677.95,16.7630083333,41.7464166666,24.4616018518,28.98375,14.3314166667,20.0866666667,37.9083333334,20.2015,26.2415833334,16.4740833333
678.28,16.803225,41.8026666667,24.4475462963,29.0780833333,14.2626666667,20.11175,37.9006666666,20.18075,26.3006666667,16.5086666667
678.60,16.8558666667,41.8816666667,24.5159166667,29.29525,14.3430833334,20.209,37.95825,20.23525,26.4011666667,16.58375
678.93,16.73705,41.90225,24.5010370371,29.2909166667,14.3295833333,20.1605833333,37.9015833333,20.1958333333,26.3046666667,16.5540833333
679.25,16.7924666667,41.8781666667,24.5857592593,29.4029166667,14.3910833333,20.26675,38.0233333333,20.22775,26.31925,16.6393333333
679.58,16.7689,41.8631666667,24.6246203704,29.44325,14.3025833334,20.2345833333,38.0469166667,20.16275,26.3274166667,16.6198333333
679.90,16.7698166667,41.7201666667,24.6564351852,29.4739166667,14.3013333333,20.2853333333,37.9789166667,20.1784166667,26.3676666667,16.611
680.23,16.795,41.853,24.7261851852,29.5765,14.3768333333,20.33425,38.0543333334,20.2821666666,26.4871666667,16.6451666666
680.55,16.8838833333,41.8895833334,24.8998425926,29.6844166667,14.5238333333,20.4371666667,38.1169166667,20.2990833333,26.5654166667,16.723
680.88,16.7886916667,41.8089166667,24.8905925926,29.6381666667,14.4741666667,20.3395,37.9704166667,20.22175,26.4985,16.687
681.20,16.8133916667,41.8336666667,24.9557222222,29.67875,14.5243333334,20.3448333333,37.90375,20.2251666667,26.5525,16.677
681.53,16.8079083333,41.7793333333,24.9449074074,29.6405833333,14.5204166667,20.3071666667,37.8310833333,20.1966666667,26.4859166667,16.6375833333
681.85,16.8599833334,41.8723333333,25.0073888889,29.7240833334,14.6601666667,20.3446666667,37.9154166667,20.28325,26.5973333334,16.6836666667
682.18,16.752625,41.75725,24.8451666667,29.5666666667,14.5696666667,20.223,37.723,20.2013333334,26.4808333333,16.5609166667
682.50,16.7397166667,41.6753333333,24.7889537037,29.5371666667,14.5503333334,20.24075,37.7638333333,20.1549166666,26.5260833333,16.527
682.83,16.6535,41.6095,24.77225,29.5165833333,14.53975,20.1856666667,37.6815,20.1125833333,26.5033333333,16.4981666667
683.15,16.6152416667,41.575,24.619037037,29.38975,14.47125,20.0954166666,37.564,20.0416666667,26.4118333333,16.3945
683.48,16.700225,41.7225833334,24.6474166667,29.4270833333,14.5509166667,20.1453333334,37.6545,20.1069166667,26.4144166666,16.47675
683.80,16.659075,41.6418333333,24.6295277778,29.3085833333,14.4958333333,20.1451666667,37.591,20.1001666667,26.4010833334,16.4928333333
684.13,16.6763416667,41.6545833333,24.4908703704,29.3564166667,14.4296666667,20.06275,37.6210833334,20.1720833333,26.3980833333,16.4783333333
684.45,16.654325,41.6069166667,24.5719537037,29.3995,14.3496666667,20.1114166667,37.68775,20.20775,26.4926666667,16.3740833333
684.78,16.4340083333,41.3958333333,24.3922222222,29.2313333333,14.1540833334,20.014,37.4625,20.0953333333,26.3159166667,16.2075
685.10,16.3833416667,41.27175,24.3203611111,29.2324166667,14.086,19.8844166667,37.418,20.0484166666,26.2865833333,16.20575
685.43,16.3584833333,41.1218333333,24.2252314815,29.16225,13.8998333333,19.8068333333,37.368,20.0073333333,26.1410833334,16.1741666667
685.75,16.4246583333,41.1360833333,24.2284351852,29.15675,13.8943333333,19.8199166667,37.4596666667,19.9834166667,26.1805833333,16.1676666667
686.08,16.5856083333,41.23875,24.2728055556,29.2638333333,13.9830833333,19.8726666667,37.4774166667,20.0395833333,26.2811666667,16.2436666667
686.40,16.760225,41.3571666667,24.4428425926,29.4211666667,14.06325,20.0329166666,37.58275,20.124,26.5108333333,16.34475
686.72,16.9512333333,41.4956666666,24.638962963,29.6896666667,14.3083333333,20.21275,37.7014166667,20.3546666667,26.7463333334,16.59825
687.05,16.9604083333,41.4455,24.6051296296,29.7149166667,14.3243333333,20.1590833333,37.6161666667,20.27725,26.7755833333,16.5891666667
687.37,17.0350916667,41.502,24.6007222222,29.8963333334,14.3928333333,20.1955,37.7036666667,20.23,26.80775,16.62575
687.70,16.9724,41.5280833333,24.654287037,29.9721666667,14.3531666667,20.1548333333,37.7201666667,20.1254166667,26.8205,16.5535833333
688.02,17.0609,41.583,24.6474351852,30.08275,14.5164166666,20.23875,37.6943333333,20.1796666667,26.90575,16.6936666666
688.34,17.2989666667,41.80375,24.8098055555,30.3489166667,14.6949166667,20.4758333333,37.9544166667,20.3413333334,27.15275,16.9251666667
688.67,17.4417083334,42.0073333333,24.9092407408,30.4828333333,14.7380833333,20.6785833333,38.0994166667,20.46525,27.2290833333,17.0294166667
688.99,17.411575,42.0709166666,24.9693518518,30.5159166667,14.8210833333,20.7569166667,38.1350833333,20.4701666667,27.2681666667,16.95325
689.32,17.4280166667,42.1685,25.0819814815,30.6783333333,14.861,20.801,38.2218333333,20.5526666667,27.3155833333,16.98225
689.64,17.1896583333,42.0088333333,24.9178148148,30.5184166667,14.6675833333,20.6315833333,37.9719166667,20.3814166667,27.1283333333,16.78375
689.96,17.114525,41.95025,24.8055648148,30.4245,14.5845,20.574,37.9126666666,20.3306666667,27.0175,16.6989166666
690.29,17.0945,41.9971666667,24.8557037037,30.429,14.5199166667,20.6273333333,38.0363333333,20.2698333334,27.0788333333,16.6939166667
690.61,17.0352,41.995,24.951287037,30.5243333334,14.45525,20.676,38.12025,20.40825,27.0809166667,16.6764166666
690.94,16.9762416667,41.9679166667,24.9007962963,30.5615,14.3655,20.703,38.03,20.3916666667,27.0930833334,16.59175
691.26,17.0065,41.99025,24.9191944444,30.494,14.41275,20.8325833334,37.9573333334,20.4488333333,27.14325,16.7074166667
691.58,17.0221333333,42.0715,25.0395833334,30.5211666667,14.38275,20.79,38.1484166667,20.4420833333,27.1915,16.6779166667
691.91,17.0835,42.1863333333,25.0226666667,30.4561666667,14.4274166667,20.7621666667,38.19625,20.4150833333,27.1283333333,16.6435
692.23,16.8753833333,42.0863333333,24.8971759259,30.3321666667,14.4959166667,20.65275,38.0405,20.28275,27.1125833333,16.4816666667
692.55,17.003675,42.1735,24.9269537037,30.41775,14.5758333333,20.7258333333,38.15725,20.3354166667,27.2763333334,16.57675
692.88,17.0735583334,42.1688333333,24.98275,30.44975,14.67875,20.87425,38.2213333333,20.40625,27.4885,16.7634166666
693.20,17.2646333333,42.3015833334,25.1854074074,30.6004166666,14.8995833333,21.141,38.4890833333,20.5735833333,27.7119166667,17.0560833333
693.52,17.396225,42.5166666666,25.3124259259,30.8298333333,15.1116666667,21.21075,38.6731666667,20.7888333333,27.8650833334,17.17175
693.85,17.3259833333,42.3475,25.1813333333,30.7315,15.0791666667,21.1093333333,38.50525,20.72425,27.7276666667,17.1169166667
694.17,17.4665166667,42.5231666667,25.2040555555,30.7704166667,15.2146666667,21.1875833333,38.604,20.7411666667,27.9135,17.18175
694.49,17.5368333333,42.5759166667,25.3191851852,30.6530833334,15.2701666667,21.2170833334,38.74575,20.8150833333,27.9178333333,17.2696666667
694.82,17.4476,42.5000833333,25.2685462963,30.642,15.2625,21.0853333333,38.7128333333,20.78475,27.7944166667,17.1721666666
695.14,17.4263166667,42.4724166667,25.1629814815,30.5594166667,15.2348333333,21.0865,38.58725,20.7719166667,27.7093333333,17.1310833333
695.46,17.2654,42.3938333333,25.1178148148,30.5495833333,15.1371666666,21.0578333333,38.59875,20.82825,27.74675,17.10375
695.79,17.4422833334,42.4371666667,25.2764907407,30.7379166667,15.0954166667,21.1729166666,38.72325,20.9364166667,27.8590833334,17.2796666667
696.11,17.3253666667,42.4530833333,25.260537037,30.754,15.0398333333,21.129,38.6775,20.9171666667,27.7925833333,17.27725
696.43,17.3321583334,42.5914166667,25.2614907407,30.9220833333,14.9799166667,21.1115,38.7616666667,20.9194166667,27.777,17.2485833333
696.75,17.477125,42.807,25.4147222222,31.1458333333,15.0750833333,21.2531666667,39.0359166667,21.0850833333,27.92175,17.2560833333
697.08,17.4903,42.9315833334,25.5033981482,31.14625,15.05175,21.3688333334,39.1014166667,21.1145,28.0515833334,17.3309166667
697.40,17.3950333333,42.9048333333,25.4356111111,31.11625,14.9373333334,21.2949166667,39.13,21.0393333333,28.003,17.28825
697.72,17.3687583334,42.84025,25.3793981481,31.1046666667,14.82625,21.2848333333,39.0603333333,20.9926666666,27.8784166667,17.26375
698.05,17.3614166667,42.8786666667,25.3857962963,31.1743333333,14.8245,21.2420833333,39.0571666667,21.0025,28.00425,17.2476666667
698.37,17.4082833333,42.837,25.4691296296,31.2005833334,14.8663333333,21.2691666667,39.10725,20.998,28.04825,17.253
698.69,17.3397166667,42.7546666667,25.4199907407,31.1561666667,14.8255833334,21.2395833334,39.0063333333,20.9341666667,28.0038333333,17.2161666667
699.01,17.327375,42.625,25.4291666667,31.194,14.8485833333,21.1994166666,38.8524166667,20.8695833334,28.0316666667,17.1695
699.34,17.3013333333,42.602,25.4078333333,31.1515833333,14.9171666667,21.2140833333,38.8150833333,20.8856666666,28.0714166667,17.1175
699.66,17.2341166666,42.4280833333,25.3564814815,31.1365833333,14.8690833333,21.1295,38.713,20.8166666667,28.0364166667,17.0510833334
699.98,17.2087333333,42.4440833333,25.396037037,31.1071666666,14.8640833333,21.09,38.6575,20.8051666667,27.9954166667,17.0690833334
700.30,17.1084,42.2481666667,25.3034814815,30.9963333333,14.72875,20.92825,38.424,20.6890833333,27.9303333333,17.00325
700.63,16.9765166666,41.99025,25.1934166666,30.9320833333,14.5901666666,20.7365,38.2669166666,20.4920833333,27.7940833333,16.8870833333
700.95,17.002375,42.0533333333,25.2483148148,31.0168333334,14.6905,20.7869166667,38.2509166667,20.5471666667,27.7879166666,16.8679166667
701.27,16.8716916667,41.8824166667,25.19525,30.94275,14.7010833333,20.7176666667,38.1533333333,20.4739166667,27.7178333334,16.7949166667
701.59,16.77415,41.6580833333,25.096037037,30.9270833333,14.5890833333,20.6835833334,37.999,20.3460833333,27.5225,16.7625833333
701.91,16.826725,41.6849166667,25.122462963,30.9599166667,14.6925833333,20.841,38.05725,20.4688333333,27.6405833333,16.91275
702.24,16.8544166667,41.7856666667,25.2370555556,31.0928333334,14.7736666667,20.9286666667,38.2203333333,20.53975,27.7656666666,17.08075
702.56,16.8515916667,41.9470833333,25.3141296296,31.109,14.77725,20.9503333333,38.3015,20.5084166666,27.8113333333,17.2404166667
702.88,16.7598916667,41.76325,25.1780092593,30.96775,14.5434166666,20.7350833333,38.0506666667,20.3925833333,27.6264166667,17.1495
703.20,16.8547916667,41.9810833333,25.3249351852,30.9633333333,14.6025,20.8508333333,38.0473333333,20.5448333333,27.69675,17.24875
703.52,16.7728833333,41.7925,25.2021851852,30.7180833333,14.6484166667,20.8590833334,37.9668333333,20.4249166666,27.6721666666,17.0724166667
703.85,16.7054916667,41.9119166667,25.1290185186,30.7280833333,14.64375,20.9036666667,37.90375,20.3158333333,27.6846666667,17.0633333333
704.17,16.7570416667,41.9105,25.0092037037,30.6429166667,14.75175,20.9606666667,37.8585,20.2963333333,27.765,17.0618333333
704.49,16.7764583333,41.8865833333,25.1043148148,30.68575,14.8325833333,21.08975,37.8481666667,20.3441666667,27.9555833333,17.13025
704.81,16.8923333333,42.1379166667,25.2185833333,30.929,14.8671666667,21.273,38.0195833333,20.47725,28.20575,17.2843333333
705.13,16.8581,42.2615833333,25.2501388889,30.9988333333,14.9849166666,21.32625,37.9385833333,20.5760833333,28.35775,17.2764166667
705.45,16.7244833333,42.3169166667,25.158462963,31.0393333333,14.7516666667,21.1773333333,37.8535,20.4215,28.3194166666,17.1415833333
705.78,16.6285916667,42.1918333333,25.0327962963,30.9435,14.581,21.0836666667,37.7485,20.36775,28.25525,16.8461666666
706.10,16.5801833333,42.069,24.8890462963,30.9760833333,14.4549166667,20.8918333333,37.7643333333,20.3705833333,28.1901666667,16.6554166667
706.42,16.3572916667,41.8615833333,24.6823333334,30.7995833333,14.3434166667,20.6639166666,37.7508333334,20.0901666667,28.0390833333,16.4224166667
706.74,16.3753083333,41.6648333333,24.5627685185,30.6954166667,14.2159166667,20.5178333333,37.77775,19.8506666667,27.9950833333,16.3701666667
707.06,16.1753583333,41.4308333333,24.3761666667,30.65875,13.9658333333,20.32275,37.4876666667,19.6545833334,27.752,16.3193333333
707.38,16.1132833334,41.3116666667,24.3770555556,30.5730833333,13.9213333334,20.2438333333,37.4945,19.57725,27.6775833333,16.3286666667
707.70,16.1651,41.352,24.4720462963,30.7185,13.9206666667,20.3340833334,37.5664166666,19.78725,27.7365,16.4045833333
708.03,16.227525,41.5078333333,24.5384907408,30.8469166667,13.9075833334,20.343,37.7028333333,19.95075,27.7385833333,16.4575
708.35,16.5473333333,41.5685833333,24.7570462963,30.9899166667,14.1881666666,20.4760833333,37.9646666667,20.1133333333,27.9949166666,16.7184166667
708.67,16.7402833333,41.8143333333,24.9487592593,31.1396666667,14.3195833333,20.6715833333,38.2303333334,20.2229166667,28.20925,16.9325833333
708.99,16.7958916667,41.69425,24.9593888889,31.0421666667,14.3518333333,20.7408333334,38.16875,20.2690833334,28.1109166667,16.8684166666
709.31,16.9478666667,41.9540833333,25.1129722222,31.3173333333,14.4948333333,20.7975833334,38.4165,20.3691666667,28.30525,17.06225
709.63,17.1527666667,42.1114166667,25.3219259259,31.4140833333,14.67625,21.0356666667,38.5060833333,20.44325,28.3810833333,17.27
709.95,17.3469833333,42.44425,25.6103518518,31.85075,14.84325,21.3388333333,38.7266666667,20.70125,28.6794166666,17.5263333333
710.27,17.1775333333,42.4535833333,25.50325,31.8288333333,14.8596666666,21.2786666667,38.63575,20.725,28.6993333334,17.4225833334
710.59,17.563325,42.8034166667,25.8050462963,32.1784166667,15.16975,21.5336666666,38.9840833333,21.0715,29.0665833333,17.7343333333
710.91,17.8597,42.90775,25.9541203704,32.4233333333,15.49425,21.6835,39.121,21.3489166666,29.2553333333,17.9601666667
711.24,17.8982583334,42.9479166667,26.0288240741,32.5045833333,15.48125,21.7100833333,39.155,21.26325,29.1133333333,18.0311666667
711.56,17.9262166667,42.79775,25.8930462963,32.37525,15.4091666667,21.5738333333,38.9389166667,21.08325,29.0738333333,18.0848333334
711.88,17.591775,42.6371666667,25.5136666667,32.11475,15.1365833333,21.2515833333,38.514,20.73375,28.8135833333,17.7985833333
712.20,17.607375,42.60475,25.5101388889,32.1925,15.2450833334,21.2516666667,38.5013333333,20.7970833333,28.72125,17.842
712.52,17.7677666667,42.7919166667,25.6155277777,32.3530833333,15.3458333333,21.2600833333,38.5990833334,20.887,28.86475,18.1218333333
712.84,17.8522416667,42.7125833333,25.5838148148,32.2980833334,15.3461666667,21.3545833333,38.462,20.92275,28.8605,18.2238333333
713.16,17.85,42.8335833333,25.500212963,32.33275,15.2300833333,21.3508333333,38.4894166667,20.96725,28.8824166667,18.351
713.48,17.7231833334,42.7343333333,25.3034444445,32.07875,15.02425,21.1696666667,38.382,20.8433333333,28.7813333333,18.2039166667
713.80,17.8091583333,42.7116666666,25.3845277778,32.1600833333,15.0765,21.28175,38.4340833334,20.8991666667,28.7704166667,18.2620833333
714.12,17.51645,42.4559166667,25.2443518518,31.9741666666,14.9011666666,21.11825,38.2506666667,20.8233333333,28.5905,17.9936666667
714.44,17.3401,42.3685,25.1208611111,31.9388333333,14.6674166667,21.0950833333,38.1684166667,20.7801666667,28.5285833333,17.91375
714.76,17.3487666667,42.4781666667,25.1448611111,31.9573333333,14.6558333333,21.1698333333,38.2693333333,20.753,28.7040833333,17.9669166667
715.08,17.1996416666,42.37675,25.0577777778,31.8839166667,14.491,21.1665833334,38.2953333333,20.5743333333,28.5290833333,17.8495833333
715.40,17.2907833333,42.4885833334,25.1714074074,31.9823333333,14.58825,21.3270833333,38.4265,20.8179166666,28.5730833333,18.0394166667
715.72,17.1948,42.41225,25.0748518518,31.7925833334,14.3400833333,21.2226666666,38.3869166667,20.71775,28.54775,17.9079166667
716.04,17.0291916667,42.3765,24.9187962963,31.74,14.1935,21.1425833333,38.4871666667,20.6399166667,28.5250833334,17.72775
716.36,16.893525,42.1896666667,24.7424814815,31.6019166667,14.0505,21.0710833333,38.42925,20.4515833333,28.355,17.58925
716.68,16.84685,41.9615,24.683462963,31.4495833333,13.9865,20.9816666666,38.32725,20.361,28.27575,17.3415
717.00,17.1408333333,42.2279166666,25.0253981481,31.7796666667,14.4001666667,21.365,38.6874166667,20.6226666667,28.5385833333,17.6494166666
717.32,17.41305,42.4765833333,25.2327777778,31.9591666667,14.55925,21.6373333333,38.87225,20.8331666667,28.84425,17.95825
717.64,17.6649083333,42.8808333333,25.5033703704,32.1791666667,14.7198333333,21.8555833333,39.1159166667,20.9216666667,29.10125,18.184
717.96,17.5737333333,43.0519166667,25.4801481482,32.1989166667,14.6915,21.7168333333,39.1619166667,20.78825,29.0485,18.01125
718.28,17.243475,42.6021666667,25.2418703704,31.96975,14.5346666667,21.2999166667,38.90425,20.6543333333,28.7683333333,17.6196666667
718.60,17.3175166667,42.77625,25.4430833333,32.1216666667,14.6134166667,21.3404166667,39.1664166667,20.84575,29.08375,17.56525
718.92,17.1547083333,42.6984166667,25.4417222222,32.0663333333,14.39575,21.171,39.2165833333,20.6446666667,29.0224166667,17.2605
719.24,17.385825,42.8456666667,25.5816296296,32.38875,14.7181666666,21.3990833333,39.4626666667,20.8071666667,29.1641666667,17.4573333334
719.56,17.4675666667,42.8413333333,25.6322592592,32.5365833333,14.72425,21.5025,39.3798333333,20.79475,29.2820833334,17.42
719.88,17.649775,43.1464166667,25.8484166667,32.84175,15.0646666667,21.6295833333,39.5655833333,21.0595833333,29.58625,17.4959166667
720.20,17.86705,43.4248333333,26.1241574074,33.2935,15.3340833333,21.9193333334,39.8610833334,21.3064166667,29.894,17.8346666667
720.52,17.7700666667,43.2711666666,26.0048703704,33.29575,15.21025,21.85625,39.55325,21.34725,29.7509166666,17.74225
720.84,17.5134083333,43.13775,25.822962963,33.1935,15.07375,21.748,39.51475,21.3058333333,29.5173333333,17.467
721.16,17.29075,42.6710833334,25.4145740741,32.8031666667,14.7395,21.6019166666,39.1735,21.069,29.2061666667,17.2529166667
721.48,17.3171166667,42.39825,25.489037037,32.6221666667,14.7445833333,21.67325,39.0333333334,21.12025,29.2596666666,17.3015
721.79,17.3772916667,42.56125,25.5272314815,32.6084166667,14.762,21.7099166667,39.032,21.1469166667,29.3594166667,17.4916666666
722.11,17.1261583333,42.2894166666,25.1563333333,32.26825,14.5775833333,21.4006666667,38.4944166667,20.89625,29.0009166667,17.2713333333
722.43,17.2964,42.4721666667,25.2474351852,32.52275,14.6415833334,21.4910833334,38.5048333333,21.0274166667,29.2909166667,17.5755833333
722.75,17.1811333333,42.3711666666,25.1588611111,32.3143333333,14.3973333333,21.23625,38.2953333333,20.8775,29.1821666667,17.4515
723.07,17.4321083333,42.6335,25.4804074074,32.4629166667,14.6809166667,21.4013333333,38.4563333333,21.1511666667,29.2944166667,17.8784166667
723.39,17.2027916667,42.3361666667,25.2700833333,32.285,14.3735,21.1955,38.35125,20.87125,29.0190833334,17.9085833333
723.71,17.1186166667,42.214,25.1380555556,32.1864166666,14.3258333333,21.004,38.2336666667,20.7095,28.8605,17.7719166667
724.03,17.17875,42.5165,25.1801666667,32.2290833333,14.3139166666,21.0654166667,38.4615,20.5489166667,28.9581666667,17.91775
724.35,17.0659083333,42.3928333333,24.9723611111,32.1913333334,14.1195833334,20.811,38.3408333333,20.2531666667,28.8049166667,17.8690833333
724.67,17.1398666667,42.5465,24.9857685185,32.4138333333,14.27175,20.7055833333,38.48925,20.32625,28.952,17.9313333333
724.98,17.5794083333,42.9674166667,25.30925,32.883,14.6288333333,21.1085,38.95475,20.6529166667,29.3680833333,18.3570833333
725.30,17.9371666667,43.2168333333,25.4736018518,33.2785,14.999,21.5,39.207,20.8909166667,29.6765,18.6114166667
725.62,18.1855083333,43.5365,25.8036759259,33.67875,15.2565833333,21.8706666667,39.5501666667,21.1904166666,29.9496666666,18.9934166667
725.94,18.315425,43.7519166667,26.0311296296,33.8030833334,15.4588333334,22.1355,39.87825,21.2785833333,30.0325,19.0615833333
726.26,18.339875,43.7936666667,26.1653611111,33.8925833334,15.5634166667,22.1546666667,39.9656666667,21.3824166667,30.1518333333,19.1476666667
726.58,18.2423,43.889,26.1329351852,33.9099166667,15.5235,22.12175,40.01575,21.3514166667,30.2586666667,18.9784166667
726.90,18.0791583333,43.7930833333,26.1774074074,33.8398333333,15.5074166667,22.0560833333,39.8745,21.3599166667,30.3285833333,18.7980833333
727.21,17.8018166667,43.6770833333,26.1132870371,33.7279166667,15.4151666667,22.0545833333,39.8145,21.4716666667,30.3604166666,18.7071666667
727.53,17.7655,43.49425,26.1030185185,33.733,15.3778333333,21.9954166667,39.705,21.531,30.3586666666,18.678
727.85,17.9526333333,43.88975,26.4604907408,34.0778333334,15.5735833333,22.1760833334,39.9951666667,21.8718333333,30.7095833333,18.9614166666
728.17,18.0259083333,44.0486666667,26.5473240741,34.1553333333,15.4671666667,22.1860833333,40.1214166667,21.9465,30.734,19.056
728.49,17.6867666667,43.7905,26.237287037,33.8034166667,15.1430833334,21.8915833333,39.9290833334,21.6700833334,30.39975,18.8175833333
728.80,17.3123083333,43.4600833333,25.9640648148,33.5274166666,14.7676666667,21.5260833333,39.6816666667,21.3320833333,29.92825,18.4846666667
729.12,17.3788166667,43.34275,26.0574444444,33.5856666667,14.8705833333,21.5573333333,39.7430833333,21.2585833333,29.9371666667,18.5754166666
729.44,17.113575,43.0405833333,25.9031203704,33.2818333333,14.706,21.1644166667,39.4126666667,21.0105833334,29.7203333333,18.3361666667
729.76,17.07715,42.697,25.6230925926,33.1291666667,14.5838333333,21.0314166667,39.11475,20.7058333333,29.4861666667,18.2851666667
730.08,17.0496,42.4833333334,25.5201481482,33.012,14.57425,21.02525,39.0016666667,20.6484166667,29.4286666667,18.2493333333
730.39,17.2712166667,42.7936666667,25.6924074074,33.2174166667,14.7215,21.2206666667,39.21,20.81525,29.4429166667,18.4645833333
730.71,17.1932083333,42.6355,25.4869444444,32.8465,14.5515833333,20.9711666666,38.8248333333,20.4628333334,29.115,18.3141666667
731.03,17.2200333333,42.5534166667,25.5264537037,32.7645833333,14.5995,20.9181666667,38.9065,20.4640833333,29.0363333333,18.3060833333
731.35,17.396575,42.47825,25.6201944444,32.8484166666,14.8284166667,21.0580833333,38.934,20.417,29.0604166667,18.323
731.67,17.5926583333,42.4783333334,25.8735648148,33.005,15.16275,21.4269166667,39.1328333333,20.4906666667,29.2745833333,18.5388333333
731.98,17.791225,42.594,25.9750833333,33.20225,15.2594166667,21.5276666667,39.1331666667,20.5816666667,29.4815,18.575
732.30,17.6759,42.5858333333,25.9538888889,33.04725,15.1215,21.5015,38.91625,20.4346666667,29.5230833333,18.45575
732.62,17.655375,42.8409166667,25.9226944445,33.1889166667,14.99525,21.3804166667,38.93225,20.5066666666,29.7064166667,18.3428333333
732.94,17.847575,42.74325,25.8901666666,33.3570833333,14.97575,21.7013333334,38.92525,20.7241666666,29.6171666667,18.5331666667
733.25,17.5960333333,42.7744166667,25.8367777778,33.2465833333,14.7590833333,21.6739166667,38.9305,20.59975,29.4916666666,18.355
733.57,17.666575,42.8090833333,25.9515833334,33.2993333333,14.82275,21.7674166667,38.9603333334,20.57875,29.61125,18.5080833334
733.89,17.961125,42.9441666667,26.2003796297,33.617,15.1300833334,22.0011666667,39.129,20.9010833333,30.0433333333,18.8024166667
734.21,18.4140583333,43.4368333333,26.5753888889,34.1691666666,15.4646666667,22.4545833333,39.7120833333,21.3284166666,30.5960833334,19.1086666667
734.52,18.300525,43.4375833333,26.5369629629,34.1543333333,15.3243333334,22.4029166667,39.6015,21.2669166667,30.56325,18.95925
734.84,17.94295,43.3671666667,26.244787037,33.9451666667,14.93175,22.2476666666,39.3435,21.0266666666,30.4221666667,18.6188333334
735.16,17.6075916667,43.3555833333,26.0049351852,33.8926666667,14.8095,21.99425,39.0980833333,20.9053333333,30.265,18.2985833333
735.48,17.5657,43.3234166667,25.9918518519,33.9186666667,14.894,22.0951666667,39.085,20.8856666667,30.16625,18.3730833333
735.79,18.0933833334,43.6385833333,26.2928888889,34.36125,15.2706666667,22.5255,39.5939166667,21.3795833333,30.5133333333,18.8715833333
736.11,18.164475,43.4458333333,26.3065462963,34.2555833333,15.3173333333,22.84175,39.6385833333,21.4131666666,30.513,19.0115
736.43,18.2571333333,43.6553333334,26.531212963,34.4280833333,15.5431666667,22.868,39.9501666667,21.43225,30.90625,19.1055
736.74,18.4371083334,43.8869166667,26.6192407407,34.7361666667,15.8203333333,22.9768333334,40.2868333333,21.70125,31.345,19.2261666667
737.06,18.4089583333,43.868,26.7256203704,34.9980833333,15.8153333333,22.9939166667,40.4099166667,21.78975,31.1756666667,19.0955833333
737.38,18.3780583333,44.074,26.8823703704,34.9665,15.73725,22.9884166667,40.5993333333,21.71,31.0315833333,19.0240833333
737.69,18.0794583333,43.6965833333,26.6777685185,34.7343333333,15.5903333333,22.7799166667,40.3153333333,21.5249166667,30.7916666666,18.86625
738.01,17.99435,43.5739166667,26.57775,34.65525,15.7524166666,22.825,40.0915,21.5294166667,30.8555833333,18.8649166667
738.33,18.3343583333,43.8456666666,27.0164259259,34.9785833333,16.0339166667,23.107,40.4911666667,21.9024166667,31.2011666666,19.3968333333
738.64,18.674375,44.028,27.3584537037,35.2043333334,16.0711666667,23.4178333333,40.7443333333,22.2270833333,31.4273333333,19.8278333333
738.96,18.81295,44.1848333333,27.5283611111,35.30975,16.213,23.5008333334,41.01675,22.4175,31.6203333334,19.95775
739.28,18.63445,44.1434166666,27.5549351852,35.19525,16.19025,23.40575,41.0313333333,22.3174166667,31.7185,19.9024166667
739.59,18.6971666667,44.0555,27.6302037037,35.1963333333,16.39925,23.41325,40.935,22.2936666667,31.5201666667,19.8518333334
739.91,18.580925,44.101,27.392,35.0106666667,16.23925,23.2751666667,40.8205,22.2479166666,31.2906666667,19.6383333333
740.23,18.7462833333,44.1681666667,27.6326018519,35.1366666667,16.4706666667,23.5175,40.9060833333,22.433,31.2775,19.9464166667
740.54,18.7586333334,44.4243333333,27.5610740741,35.1688333334,16.4165833333,23.5684166667,40.8559166667,22.3748333333,31.5219166667,19.96375
740.86,18.7126666667,44.4055833333,27.3062222222,35.1561666667,16.4245833334,23.5048333333,40.726,22.209,31.7464166666,19.9111666667
741.18,18.9344916667,44.5229166667,27.5581018518,35.2663333333,16.6573333333,23.7793333333,41.05325,22.24275,31.8775,20.18275
741.49,19.04275,44.68525,27.498787037,35.3205833333,16.5781666667,23.8109166667,41.2661666667,22.1359166667,31.873,20.3319166667
741.81,18.6081833333,43.9791666667,26.7833055556,34.7735,16.2478333333,23.3281666667,40.5310833333,21.5361666667,31.3126666667,19.82925
742.12,18.0679083333,43.3488333333,26.2010092593,34.2629166666,15.8850833333,22.6715,39.9975,20.8059166666,30.7410833333,19.2333333333
742.44,17.7158916666,43.04025,25.8183703703,33.99075,15.4828333333,22.364,39.5539166666,20.3263333333,30.2655,18.9200833333
742.76,17.955575,43.1365,26.0316574074,34.268,15.4843333333,22.4436666667,39.5858333333,20.4254166667,30.3376666666,18.8863333333
743.07,17.2515,42.8061666667,25.4868703704,33.89975,14.7741666667,21.6625833333,39.03475,19.787,30.1824166667,18.2609166667
743.39,16.9402333333,42.4481666667,25.3689814815,33.9880833333,14.8086666667,21.49325,38.7769166667,19.4125,30.1076666667,18.151
743.70,16.738925,42.33725,25.0984074074,33.9140833333,14.6065,21.319,38.4729166667,19.23125,29.96,17.8971666667
744.02,16.91235,42.3028333334,25.0057685185,33.9066666667,14.7103333334,21.3269166667,38.48,19.325,29.76425,18.1471666667
744.34,17.0280583333,42.1589166667,24.8582777778,33.864,14.5440833333,21.3726666667,38.3953333333,19.57475,29.629,18.0805833333
744.65,16.80495,41.9288333333,24.5937407408,33.833,13.974,21.0600833333,38.0810833333,19.246,29.4996666667,17.6021666667
744.97,17.2567333333,42.1730833334,25.215712963,34.3178333334,14.2479166667,21.4075833333,38.531,19.69525,29.9336666667,17.96525
745.28,17.1021416666,42.5158333334,25.5096203703,34.39575,14.31775,21.5055833333,38.8550833333,19.7310833333,29.9834166667,17.8738333333
745.60,17.5719333333,43.041,25.9741759259,34.81275,14.6556666666,21.951,39.27225,20.2546666667,30.4868333333,18.35575
745.91,17.8773333333,43.4184166667,26.4010092592,35.23425,15.024,22.44525,39.96225,20.7953333333,31.16725,18.68725
746.23,17.3574666667,42.93225,25.7776203704,34.814,14.5805833334,21.9694166667,39.6535833333,20.4595833333,30.6055,18.3515
746.55,17.7147083333,42.9680833333,25.9922592592,34.9691666667,14.88,22.3433333333,40.0094166667,20.83325,30.6370833333,18.7265833333
746.86,18.1455416667,43.2271666667,26.2186944444,35.104,15.1488333333,22.549,40.2165,21.2769166667,30.8250833334,19.0963333333
747.18,18.223575,43.0313333333,26.2793888889,34.9536666667,15.2096666667,22.4128333333,40.2983333333,21.30425,30.7213333333,19.05825
747.49,17.5900583333,42.4576666667,26.0954074074,34.5196666667,14.9011666666,22.048,39.8940833333,20.9076666667,30.3708333333,18.5311666667
747.81,16.965125,42.0154166666,25.8750462963,34.0345833333,14.4150833333,21.44475,39.42225,20.17625,29.8025833333,18.0445
748.12,17.0904333333,42.2765833333,26.161,34.2639166667,14.8158333333,21.6715833334,39.64175,20.5631666667,29.8759166667,18.2525833333
748.44,17.0252166667,42.2929166667,26.0918055555,34.2450833333,14.98075,21.7415833334,39.358,20.5546666667,29.879,18.3045833333
748.75,17.49275,42.3725833333,26.021037037,34.3681666666,15.05975,21.7824166667,39.3949166666,20.7785,30.13275,18.5100833333
749.07,17.5068833333,42.2169166667,26.1045277778,34.12975,15.0328333334,21.83825,39.4311666667,20.7956666666,30.2193333334,18.4578333333
749.38,17.21925,41.83575,25.7471666667,33.6476666667,14.70925,21.2779166667,38.7829166667,20.3685,29.7226666667,18.2554166667
749.70,17.5869166666,42.2025833333,26.0071574074,33.7008333333,15.1294166667,21.6424166667,38.6395833333,20.4221666667,29.8543333333,18.6355
750.01,17.586675,42.45075,26.0350648148,33.6999166667,15.1289166667,21.5511666666,38.56075,20.50575,29.97275,18.5911666667
750.33,17.450125,42.3346666667,26.0273333334,33.57525,15.0614166667,21.5201666667,38.4799166666,20.4600833333,30.0205,18.56175
750.64,17.1273833333,42.345,25.7219814815,33.4125,14.7039166667,21.5013333334,38.2231666667,20.0619166667,29.86225,18.292
750.96,17.5366166667,42.7430833334,25.7477685185,33.6943333333,14.8506666667,21.8645833333,38.4236666666,20.2221666667,30.139,18.6353333333
751.27,17.8309333333,42.8883333333,25.7417407407,33.7694166667,15.1614166667,22.1655833333,38.53825,20.53575,30.3954166667,19.0545833333
751.59,17.6505666667,42.6883333333,25.4122962963,33.4900833333,14.8813333333,21.977,38.288,20.1813333333,30.1675,18.88775
751.90,17.5326916666,42.35475,25.1643703704,33.1596666666,14.804,21.7854166667,38.195,19.9124166667,29.9485,18.5849166667
752.22,17.4985583334,42.54125,25.4792962963,33.45925,14.8615,22.0646666666,38.4374166667,20.0496666667,30.16,18.6888333334
752.53,17.0137166666,42.2434166667,25.0469444444,33.2075,14.5065,21.6371666666,37.881,19.6589166667,29.7329166667,18.2920833333
752.85,16.8918333333,42.4416666667,25.1725648148,33.4853333333,14.55425,21.7940833333,38.0394166667,19.6141666667,29.8373333333,18.259
753.16,16.5771833333,42.3721666666,25.0364259259,33.63975,14.3864166667,21.55125,38.1609166667,19.7485833333,30.0698333334,18.12375
753.47,16.7515166667,42.5081666666,25.3349074074,33.96,14.629,21.8735,38.5153333334,19.9434166666,30.1496666667,18.357
753.79,16.9439583333,42.54925,25.1445462963,33.9503333333,14.59675,21.99025,38.4919166666,19.8665833333,30.0869166667,18.3025
754.10,17.18925,42.5699166667,25.2971851852,34.3870833333,14.86375,22.111,38.6235833333,20.2976666667,30.3224166666,18.5303333333
754.42,17.1665833333,42.4305,25.4048888889,34.20825,14.8343333333,21.7369166666,38.5578333333,20.281,30.3824166667,18.4165
754.73,16.5502583334,41.9940833333,25.0893148148,33.78075,14.1676666666,21.3225,38.2910833333,19.7075,29.816,17.63425
755.05,16.8071083333,42.1905,25.1827962963,33.7591666667,14.3413333334,21.5465,38.2860833333,19.9671666667,29.99275,17.8201666667
755.36,16.8114583333,42.4423333333,25.1493888889,33.8874166666,14.1179166667,21.4243333333,38.2758333333,20.10925,29.9313333333,17.8784166666
755.67,16.9374083333,42.37225,25.1080092593,33.60675,13.9885833333,21.4355,38.1205,20.2311666667,29.8610833333,18.0925833333
755.99,17.1411666667,42.3746666667,25.1980648148,33.8745833334,14.0235833333,21.66,38.34875,20.26625,29.8005833334,18.1828333333
756.30,17.3650333333,42.3438333333,25.3418703704,34.189,14.0700833333,21.8489166667,38.4785,20.4539166667,29.7990833334,18.125
756.62,17.6768166667,42.3823333333,25.5136759259,34.2900833333,14.19675,22.1146666667,38.6405,20.5199166666,29.9175,18.0835
756.93,17.7904916667,42.4320833333,25.4153148148,34.3550833334,14.2184166667,22.24325,38.661,20.5155833333,30.0899166667,18.0599166667
757.24,17.5966833333,42.6033333333,25.6298703704,34.2588333333,14.18125,22.21225,38.72975,20.4880833333,30.1611666667,17.887
757.56,17.7394916667,42.8709166667,26.0676666666,34.1983333333,14.314,22.33775,38.9373333333,20.4549166666,30.4399166667,18.1283333333
757.87,17.7424583333,43.0343333333,26.2615833333,34.3711666667,14.48225,22.63925,39.3023333333,20.4660833333,30.5981666667,18.364
758.18,18.1499166667,43.2895833333,26.7317685185,34.8670833334,15.0066666667,23.0985,39.7800833333,20.8741666667,31.2238333334,18.9951666667
758.50,17.7516416667,43.2400833333,26.7499166666,34.9739166666,14.99625,22.97525,39.7653333333,20.6189166667,31.1819166667,18.7471666667
758.81,17.7682583333,43.277,26.8232777778,35.1798333333,15.0411666666,23.1796666667,39.8839166667,20.4194166667,31.3145833334,18.74175
759.13,17.8590416667,43.1966666667,26.9599351852,35.4425833334,15.5006666667,23.27325,40.0809166667,20.4730833333,31.3948333333,18.7944166667
759.44,18.6177916667,44.0464166667,27.6996203704,36.1036666667,16.2761666667,24.0479166666,40.7779166667,21.1588333333,32.4259166667,19.6155833333
759.75,18.3835666667,43.7133333334,27.3904444444,35.5195833333,16.2844166667,23.8095,40.4246666667,20.9766666667,32.4000833333,19.45925
760.07,18.2170333333,43.82025,27.3447592592,35.4463333333,16.2558333333,23.6900833333,40.6490833333,20.8408333333,32.1936666667,19.48625
760.38,18.4498166667,43.99525,27.6474722222,35.468,16.5641666666,23.8504166667,40.8831666667,20.9505,32.3411666666,19.907
760.69,18.59435,43.9975833333,27.5898055555,35.6496666666,16.5293333333,23.7460833333,40.8425833333,20.9561666667,32.2855,20.0565
761.01,18.4334666667,43.8523333334,27.2995,35.4908333333,16.3135833333,23.7005,40.7274166667,21.0275,32.17875,19.9046666667
761.32,18.27595,43.685,26.98075,35.43025,16.0724166667,23.4666666666,40.379,20.8744166667,31.8956666667,19.54925
761.63,18.4739916667,43.7353333333,26.7279444445,35.4544166667,16.143,23.38975,40.0726666667,20.99375,31.7686666667,19.6286666667
761.94,19.01135,44.0134166667,27.0766388889,35.8183333333,16.4219166667,23.7481666667,40.38975,21.4106666667,32.2163333333,20.1775833334
762.26,19.1673166667,44.2041666667,27.1497685185,35.913,16.5645,23.87375,40.5915,21.7538333334,32.3334166667,20.3003333333
762.57,18.94705,43.8515,26.8550925926,35.6715833333,16.20325,23.6874166667,40.1774166667,21.5085,32.08175,19.9813333333
762.88,18.507225,43.5766666667,26.4960185185,35.5234166667,15.8375833334,23.3361666667,39.881,21.1914166667,31.7883333333,19.5699166667
763.20,18.7067083333,43.76125,26.6607222222,35.75225,15.9120833333,23.5963333333,39.98825,21.28275,31.8575,19.7930833333
763.51,19.1681833333,44.0511666666,27.0199722222,36.1765833333,16.19975,24.00025,40.25725,21.61575,32.1915,20.1054166667
763.82,19.1163416667,43.8305833333,26.8845370371,35.9719166667,15.9154166667,23.8204166667,39.9854166667,21.49925,31.9855833333,19.9615833333
764.14,19.1200916667,43.922,26.9940092593,36.06,15.9185,24.0108333333,40.32675,21.5390833333,32.2755833333,20.0455
764.45,18.948825,43.7366666666,26.8354166667,35.8985833334,15.71275,23.7830833333,40.2875,21.1620833333,31.9821666667,19.8360833333
764.76,19.333325,43.9988333333,27.1858611111,36.0929166667,16.0155,24.2110833334,40.5594166667,21.5175,32.31225,20.195
765.07,19.2687833333,43.8925,27.2107407407,35.947,15.92075,24.1853333333,40.4463333333,21.41375,32.26225,20.0353333333
765.39,19.117325,43.5956666667,27.0344259259,35.6593333333,15.73325,24.02925,40.1685833333,21.4334166667,32.01525,19.8485833333
765.70,18.7159916667,43.167,26.7703703704,35.31525,15.2255,23.69625,39.8945,21.1019166666,31.8690833333,19.6083333333
766.01,18.65505,43.4534166666,26.8208333333,35.25275,15.0195,23.61125,40.0755,21.04625,31.8640833333,19.53525
766.32,18.8596666667,43.39475,26.9370648148,35.054,15.0225833333,23.5934166667,40.1176666666,21.2224166667,31.6601666666,19.7465
766.64,18.7198833333,43.34875,26.7887592593,34.8995,14.8108333333,23.314,40.0463333333,21.1921666666,31.4853333333,19.5255
766.95,18.1754583334,42.81,26.2696296297,34.2713333333,14.4043333333,22.7939166667,39.5088333333,20.8493333333,30.9945,19.01775
767.26,17.5924083333,42.5293333333,25.7483611111,33.9834166667,13.8365,22.3994166667,39.17225,20.2999166667,30.6560833333,18.358
767.57,17.6368333333,42.2504166667,25.6869722222,33.7035833333,13.6695833333,22.334,38.6,20.2255,30.2054166667,18.1085833333
767.88,18.1348333333,42.74275,26.1421018519,33.8961666667,14.0645,22.64075,38.7765,20.642,30.5240833333,18.5620833333
768.20,17.4363583333,42.2605833333,25.6178703703,33.4923333333,13.3605,21.91825,38.36975,19.95875,30.1906666667,17.948
768.51,17.2090583334,42.729,25.8047129629,33.8963333333,13.3176666667,21.9250833333,38.90525,19.89825,30.141,17.8318333333
768.82,16.2131833333,42.0796666666,24.5755833333,33.0935833333,12.2449166667,20.8383333333,38.19875,18.421,29.1461666667,16.59
769.13,16.2492833334,42.0825833333,24.6379166667,32.9174166666,12.7364166667,20.78925,38.0431666667,18.2314166666,28.7898333333,16.516
769.44,16.877025,42.6741666667,25.3212407407,33.65875,13.665,21.4894166667,38.6964166667,18.8916666666,29.54975,17.3016666667
769.76,16.8219416666,43.1694166667,25.4111203704,33.95175,14.00825,21.66875,39.2956666666,18.8150833333,29.8503333333,17.2579166667
770.07,16.8626666667,43.526,25.6704166667,33.7340833333,13.8386666667,21.5708333333,39.51225,18.8488333334,30.0714166667,17.22325
770.38,17.2586416667,43.66075,26.0159814815,34.0705,14.4045,22.0286666667,39.6336666667,19.25825,30.54075,17.85625
770.69,18.4814416667,44.6281666667,27.14925,35.1369166667,15.7703333333,23.1963333333,40.71475,20.5688333333,31.61325,19.1271666666
771.00,18.255575,44.7053333333,26.8688425926,35.3345833333,15.8503333333,22.9249166666,40.89,20.6066666666,31.5871666666,19.0418333333
771.32,18.7839,44.7109166667,26.771287037,35.8276666666,16.4059166667,23.1803333333,40.992,20.9864166667,32.2959166667,19.37075
771.63,19.679575,45.3194166667,27.2646388889,36.3495,17.2971666667,23.8185,41.4450833333,21.65425,32.7481666667,20.20575
771.94,20.3243166667,45.3451666667,27.546,36.3858333333,17.8684166666,24.2326666667,41.5143333333,22.19025,33.5308333333,20.7629166667
772.25,21.4306083333,46.27525,28.7289722222,37.3945,19.0394166666,25.3706666667,42.5679166666,23.3344166667,34.5995,21.9485
772.56,21.72505,46.3014166666,28.582324074,37.6214166667,18.8975833333,25.5026666667,42.77625,23.5955833333,34.7721666667,22.0124166667
772.87,20.7305666667,45.4195,27.7089166667,36.8558333333,17.9845833333,24.7103333334,41.8676666666,22.7838333333,33.7115,20.7566666667
773.18,19.8282583333,44.0416666667,27.0980648148,35.8785,17.1943333333,23.7508333333,40.2415,22.0676666667,32.5005833333,19.9391666667
773.50,19.5005583333,43.5139166667,26.6493611111,35.6965,16.70775,23.5339166667,39.6785833333,21.4874166666,32.0549166667,19.6634166667
773.81,19.4673083333,43.3711666667,26.7318703704,35.545,16.36,23.5490833333,39.4373333333,21.3198333334,32.0711666667,19.2026666667
774.12,19.131075,42.69275,26.4366203704,35.0474166667,16.1090833333,23.1494166667,39.0748333333,21.1328333333,31.9099166666,18.8610833333
774.43,18.9590333333,42.58175,26.5580462963,34.9890833334,16.1609166667,23.3924166666,39.1256666667,21.1163333333,32.093,19.08725
774.74,18.8803166667,42.553,26.578462963,34.5454166667,16.1540833333,23.52275,38.9833333333,21.0745,31.6328333333,19.1691666667
775.05,18.3827833333,42.2345,26.2345092593,34.127,15.8974166666,23.13175,38.7241666666,20.7264166666,31.4041666666,18.7058333334
775.36,18.0653916667,41.77075,26.194462963,33.7615,15.57125,22.84025,38.3565833333,20.47225,30.9960833334,18.49625
775.67,18.337075,41.7826666667,26.4450740741,33.9921666667,15.8125833333,22.8341666666,38.67125,20.9553333333,31.1735833333,18.9666666667
775.98,18.464375,41.9399166666,27.1333796296,34.4945,15.7973333333,23.218,39.0710833333,21.0569166667,31.38975,19.0076666667
776.30,19.1561166667,42.2338333333,27.522287037,34.7668333333,16.1370833333,23.4108333333,39.8466666667,21.304,31.9059166667,19.6459166667
776.61,19.3932916667,42.4641666667,27.3130648148,34.8091666667,16.0449166667,23.7125833333,40.2663333333,21.3138333333,32.3598333333,19.7688333333
776.92,19.246675,42.34625,27.3219166666,34.9593333333,16.5143333333,23.7171666667,40.37725,21.3796666667,32.1901666667,19.7981666667
777.23,18.7369083333,42.3594166667,27.2101203704,34.7513333333,16.2005833333,23.1933333333,40.6825833333,21.3546666667,31.9024166666,19.74225
777.54,18.2829833333,42.5119166667,26.7135648148,34.5846666667,15.7100833333,22.7396666667,40.304,20.8070833333,31.2893333334,19.41175
777.85,18.877375,42.8849166666,26.5520648148,34.441,15.7740833333,22.78475,40.3375833333,20.8040833333,31.1505,19.41625
778.16,18.1093666667,42.7596666666,26.0317685185,34.2585,14.9838333333,22.2514166667,39.9303333333,20.3205,30.9935,18.7181666667
778.47,18.0379166667,42.7845833333,25.7272777778,34.187,14.4174166667,22.107,39.5255833333,20.1829166667,30.5418333333,18.3196666667
778.78,18.2621166667,43.3811666667,25.6405,34.4466666667,14.672,22.32925,39.9044166667,20.40975,30.403,18.6201666667
779.09,18.2241416667,43.3183333333,25.8828425926,34.46625,14.558,22.6316666666,39.428,20.3316666667,30.2210833333,18.4754166667
779.40,18.5481666667,43.883,26.0216759259,34.6536666667,14.9893333333,22.7161666667,39.2211666667,20.7694166666,30.3354166667,18.82225
779.71,18.3874416667,43.7465,25.8869259259,34.684,15.0390833333,22.7714166667,38.9180833333,20.7793333333,30.2944166667,18.8613333334
780.02,19.162025,44.4078333333,26.4977592592,35.35,15.9281666667,23.3663333333,39.5815833333,21.3905,30.8381666667,19.39425
780.33,20.3577166667,45.0668333333,27.1931574074,35.7930833333,16.5710833333,24.1346666667,40.3516666667,22.3425833333,31.7251666667,20.18925
780.64,21.493075,45.46375,27.4229722222,36.0998333333,17.2565833333,24.8100833333,40.3036666667,22.47075,32.194,20.9385
780.95,21.5805916667,45.3689166667,27.5697962963,35.97675,17.43175,24.6994166667,40.2799166667,22.705,32.4113333334,20.9015
781.26,21.4159416666,45.3611666667,28.0879166666,36.53475,17.7291666666,24.8193333334,40.5415833333,23.118,32.9583333333,21.09025
781.57,21.1389416667,44.8893333334,28.4908333333,36.4729166667,17.6070833334,24.8131666667,40.719,22.9873333333,32.7179166666,20.8713333333
781.88,21.2155333333,44.6725,29.0408888889,36.5948333334,17.95875,25.3731666667,41.1623333333,23.238,32.9604166667,21.241
782.19,21.2378333333,44.184,29.2839722222,36.6248333333,17.58025,25.58575,41.1925,23.0265,32.7266666666,20.9623333333
782.50,20.5513583333,43.7108333333,28.3554444445,36.1963333333,16.9015833333,24.7935,40.9403333333,22.4074166667,32.3504166667,20.2206666667
782.81,20.4779833333,43.279,28.3945277778,36.2728333334,17.1304166666,25.0999166667,41.1386666667,22.68125,32.5413333333,20.51225
783.12,20.06025,42.9706666667,28.0961944444,35.9415,16.9104166667,24.8709166667,40.67775,22.55675,31.9935,20.33525
783.43,19.1754416667,42.4591666667,27.3802962963,35.5439166666,15.6559166667,23.89475,40.2850833333,21.7275833333,31.4573333333,19.6116666667
783.74,18.6117666666,42.2251666667,26.9817037037,35.5525833333,15.4909166667,23.5081666667,39.9985833333,21.71525,31.2830833333,19.4003333333
784.05,17.3283666667,41.52425,26.7052777778,34.9820833333,14.6281666667,22.6094166667,39.7181666667,21.0955833333,30.6280833333,18.4950833333
784.36,16.95395,41.2608333333,26.6621666666,35.1256666667,14.1696666667,22.5413333333,39.7749166667,20.5805,30.5224166667,18.10675
784.67,16.2008833333,40.07325,25.698074074,33.9203333334,13.0680833333,21.4395,38.533,19.3884166667,29.5136666667,17.1621666667
784.98,16.3359333333,40.218,25.5651666667,33.78325,13.1291666667,21.0886666666,38.434,19.1598333333,29.3534166667,17.2155833333
785.29,16.1248666667,40.1555833333,25.2060185185,33.2951666666,12.51525,20.284,38.0570833333,18.9865,28.6935833333,16.7580833333
785.60,16.0351,40.5858333333,25.299287037,33.5236666667,12.6408333333,20.2664166667,38.1279166667,19.0108333333,28.5768333334,16.6514166667
785.91,15.7712583333,40.03875,25.2339814815,33.0645,12.5000833333,19.9374166667,37.8285833333,18.5856666666,28.3154166667,16.6368333334
786.22,15.3617166667,39.7396666667,24.6676296297,32.3885,11.91975,19.22625,37.4034166667,17.90175,27.8868333333,16.2276666666
786.53,16.5164083333,41.0894166666,26.0477592593,33.3925,12.6850833334,20.1673333333,38.3363333333,18.9016666667,29.15175,17.1995
786.84,17.465075,41.4305833333,27.0139537037,33.5765833333,13.81275,21.4520833334,38.66225,20.07875,29.61375,18.3045833333
787.14,18.1335666667,41.9209166667,27.7854166667,34.1949166667,14.1525,22.1608333333,39.1666666667,20.43075,29.95775,19.0253333333
787.45,18.5578916667,42.6881666667,27.9658518518,34.8935833334,14.5325833333,22.9919166667,39.7495,21.02575,30.12875,19.63325
787.76,18.5398083333,42.8749166667,27.7293981482,34.6241666667,14.2845833333,23.0253333333,39.8854166667,21.2165833333,30.09525,19.89775
788.07,19.2813916667,43.79675,28.4568796296,35.2765,14.97225,24.15625,40.96125,22.2338333333,30.65,20.6500833334
788.38,19.847175,44.07325,29.2545925926,36.065,15.55325,25.35275,41.3555833333,22.93225,31.28625,21.41075
788.69,20.0042666667,43.52075,29.3431759259,36.311,16.1498333333,25.703,41.52875,22.9804166667,31.5963333333,21.8705833333
789.00,20.8333083333,44.0003333333,29.6533796296,36.7783333333,17.20525,26.2565833333,41.9705,23.6605,32.62225,22.7008333333
789.31,21.5622833333,45.2129166667,30.6595648148,37.773,18.0851666667,27.3545833333,43.0071666667,24.546,33.48925,23.5744166667
789.62,21.9099666667,45.4315,30.92075,38.0249166667,18.3826666666,28.09875,43.4188333333,24.6089166667,33.7604166667,23.6749166666
789.92,21.0605833333,44.7158333333,29.598462963,37.352,17.71025,27.15375,42.9690833333,23.4901666667,33.1335,22.6688333333
790.23,20.1737833333,44.5815,29.1197222222,37.30225,16.7751666667,26.4340833333,42.8684166666,22.5504166667,32.9380833333,21.8915
790.54,19.4318083333,43.8905,28.5515648148,36.7363333334,16.3580833333,25.823,42.4975,22.1508333333,32.6845,21.059
790.85,19.561525,43.37925,28.4790185185,36.70325,16.5794166667,25.7533333333,41.9838333333,21.8283333333,32.63575,20.9404166667
791.16,19.4119166667,43.1348333333,28.3021481481,36.7860833333,16.5698333333,25.65325,41.6585833334,21.4425,31.8570833333,20.2243333333
791.47,19.8749833333,43.8295,28.9939074074,37.4631666666,17.00125,25.76725,41.8870833333,21.7433333333,32.21525,20.5843333333
791.78,19.465825,43.3865,28.6419444444,37.3213333333,16.4755833333,25.2243333333,41.8413333333,21.3445,32.0538333333,20.35575
792.08,19.8735083333,44.11275,28.9341759259,38.2843333333,16.5655,25.7253333333,42.9063333333,21.955,32.4394166667,20.77425
792.39,18.58655,43.0569166667,28.0875277778,37.4870833333,15.31925,24.8883333333,42.6364166667,21.4213333333,31.883,19.5674166667
792.70,18.2067416667,42.0683333333,27.4965462963,36.71775,14.5041666666,24.1453333333,41.7690833333,21.2478333333,31.1454166667,18.923
793.01,17.3227,41.8388333333,26.9178981482,36.29475,14.2390833333,23.3729166667,41.6408333333,21.0055,30.8024166667,18.5435833333
793.32,17.468275,41.6409166667,27.1601759259,36.1941666666,14.40725,23.7628333333,41.8213333333,21.5720833334,30.7474166667,18.9005
793.62,17.4584166666,41.2343333333,26.875537037,35.6561666667,14.5471666667,23.5673333333,41.5564166667,21.253,30.5526666667,18.3705833333
793.93,17.3365166667,41.4475,26.7020833334,34.9848333333,14.6445,23.2474166667,41.36325,20.8208333333,30.11475,18.4024166667
794.24,16.9777416667,41.3968333333,26.561324074,34.7335833333,14.17,22.8996666667,41.0761666667,20.6224166667,29.9426666667,18.2101666667
794.55,18.1810916667,42.2485,27.9743981482,35.6359166667,15.8063333333,24.3280833333,41.7650833333,21.706,31.3256666667,19.764
794.86,18.107425,41.3861666667,27.6567314815,35.1201666667,15.9214166667,24.1425833333,41.0896666667,21.10575,30.88925,19.72775
795.16,18.38155,41.9110833333,27.479212963,34.8470833333,16.3355,24.393,40.9728333333,21.2235,31.1810833333,19.8439166667
795.47,18.698325,42.1140833333,27.7615,34.4984166667,17.1373333333,24.6296666667,40.5324166667,21.5664166666,31.7745833333,20.2701666666
795.78,19.212225,42.5030833333,28.24925,34.80075,17.6094166667,24.93925,40.3589166666,21.3655833333,31.8506666667,21.244
796.09,19.6493583334,43.6261666667,28.4893425926,35.4454166667,18.0465,25.5870833333,41.011,21.5004166667,32.7689166667,21.8285
796.40,20.3169083333,44.11175,29.0101481481,35.9994166666,18.0835,25.7465,40.9886666667,21.6405833334,32.8915833333,22.4101666667
796.70,20.84245,44.0615,29.340037037,36.4686666667,18.548,26.0201666666,40.8054166667,21.7816666667,33.3408333333,22.6655
797.01,20.9731416667,44.4318333333,29.565787037,36.7558333333,18.9708333333,26.29175,40.65425,22.2046666667,33.7336666667,23.4813333333
797.32,20.9834333333,44.53925,29.5741203703,37.56925,18.84625,26.4555833333,40.7115833333,22.0115833333,34.3808333333,23.5983333333
797.63,20.4018666667,44.6310833333,29.3231018519,37.551,18.55875,26.0486666666,40.8151666667,21.8935833334,34.3819166667,23.1786666667
797.93,20.4444,44.7926666666,28.9439537037,37.7613333333,18.1695,25.6429166666,40.6221666667,21.80175,34.31375,23.28025
798.24,19.8208333333,45.625,28.9981481482,38.3583333333,17.6666666667,25.7833333333,41.3666666666,22.2,34.8,23.15
798.55,20.0433916667,46.0800833333,29.4150740741,38.8096666667,18.00175,26.0289166666,42.0833333333,22.6615833333,35.1699166667,23.4693333333
798.85,19.3960833333,45.99025,29.2751018518,38.67675,17.181,25.9589166667,41.5271666667,21.7921666667,34.4229166667,22.71625
799.16,18.3059916667,45.7651666667,28.3593518519,38.1134166666,15.7670833333,25.0455,41.2395833333,21.1288333333,34.0694166666,21.265
799.47,18.7390166667,45.6144166667,28.9326388889,38.1656666666,16.2746666667,24.9818333333,41.2106666666,21.7996666667,33.9259166666,21.4260833333
799.78,18.5995166667,44.8851666667,28.6581944445,37.582,15.7914166667,24.7996666666,41.01025,21.6084166667,34.0354166667,20.97925
800.08,17.54575,44.3011666667,27.9708425926,36.7994166667,14.5645833334,24.2059166667,40.4895833333,20.5344166666,33.268,20.2074166667
800.39,18.4551333333,44.91075,28.1858518518,37.871,14.6975,25.0001666667,41.4195,21.309,34.0849166667,20.5575833333
800.70,18.7867166667,44.5823333334,28.112287037,37.5940833333,14.94525,25.1128333333,41.4598333333,21.7268333333,33.7755833333,20.6923333333
801.00,20.2075,44.67175,28.7927222222,38.007,16.52825,26.2538333333,41.7496666667,22.64025,34.72525,21.7275833334
801.31,20.0846666667,44.8269166667,28.7152870371,37.9515,16.723,26.2415833333,42.1745833333,22.6769166667,35.346,21.49175
801.62,21.3348166667,44.71025,28.9014351852,38.1005,17.7851666666,26.476,41.9783333333,23.1480833334,35.3595,22.57975
801.92,21.3953416667,44.65675,28.8944537037,38.3905,17.3310833333,26.0981666666,41.68525,23.0989166667,34.6991666667,22.5175
802.23,21.6142333333,44.96425,28.412462963,38.6321666667,17.13625,26.08975,42.3148333333,23.3745833333,35.156,22.7735
802.54,21.782725,44.33925,28.2872314815,38.1775833334,17.047,25.8444166667,41.7409166667,23.41325,34.4005,23.3111666667
802.84,21.1197416667,43.5580833333,27.2357314815,37.6590833333,16.4138333333,25.3278333334,41.3576666667,22.5375,33.98875,22.9868333333
803.15,20.6712166667,43.9585833333,27.2577314815,37.9650833333,16.8104166666,25.1438333333,41.2830833333,22.4489166667,34.3498333333,22.8806666667
803.46,20.789875,44.5345,27.2069907407,37.9006666666,16.7921666667,24.8068333333,41.493,22.2671666667,34.7818333334,23.1461666667
803.76,19.4456,43.40475,26.1532592592,36.2784166667,15.34375,23.53225,39.7548333333,20.7705,33.1111666666,22.1031666667
804.07,18.3765833333,42.5701666667,25.1655277778,35.121,14.2635833333,22.8855,38.7446666667,19.9443333333,31.8819166667,21.2225833333
804.38,16.3024,41.8264166667,23.6860277778,33.7823333333,11.88625,21.2874166667,37.7644166667,18.1036666667,30.36925,19.64075
804.68,15.1878833333,40.6385833333,22.6857777778,32.6511666667,10.8146666667,20.1956666667,36.368,16.95325,29.231,18.8415
804.99,12.9970333333,39.2625833333,21.0268888889,31.6321666667,8.92425000001,18.9281666667,35.0448333333,15.4033333333,28.158,17.1556666667
805.30,11.6365166667,37.59325,19.5330092593,30.369,7.39016666667,17.39225,33.8100833333,13.8681666667,27.2906666667,16.0240833333
805.60,11.685025,37.2254166667,19.7753148148,30.17275,7.79475,17.2663333333,33.2318333333,14.3900833334,27.1544166667,16.2703333333
805.91,10.9589333333,37.2043333333,19.3095833333,30.2406666667,7.51341666666,17.1439166667,33.0634166667,14.0306666667,27.2623333333,15.5043333333
806.21,9.90939999999,36.7088333333,18.5054629629,29.2299166667,6.65616666667,16.5821666667,32.23625,13.2488333333,26.4240833333,14.3039166667
806.52,9.47724999999,36.0795,18.0162685185,28.6966666666,6.0415,16.4553333333,31.5379166667,12.64275,25.17975,14.0050833333
806.83,10.0269833333,36.92125,19.3332777778,29.6828333334,7.38433333334,18.42925,32.4884166667,14.4138333333,25.9075,15.3836666667
807.13,11.323525,37.71075,20.5063333333,31.011,9.50475,19.9650833334,34.0833333333,15.8651666667,26.9111666667,16.646
807.44,12.8941583333,39.5125,22.0201759259,33.3965,10.9185,21.53225,35.246,17.1500833333,28.762,18.2219166667
807.74,14.488675,40.1936666667,23.0382407407,34.6380833333,12.0686666667,22.9165833333,36.35325,18.708,30.2399166667,19.5390833333
808.05,15.1952583334,40.77225,23.6776759259,35.9293333333,12.4453333334,23.9964166667,37.9036666667,19.8953333333,31.2391666667,20.2006666667
808.35,15.6383333333,40.8496666666,24.5073703704,36.4051666667,12.8321666667,24.3463333333,38.64925,20.1305,31.80825,20.4030833333
808.66,15.3485583333,41.112,24.5326481481,37.317,13.3266666667,25.0443333333,39.1479166666,20.2064166667,32.23475,20.2396666666
808.97,16.3168166666,42.1633333333,25.8093796296,39.27275,14.2955,26.34375,40.7745833334,20.8334166667,33.446,21.19475
809.27,17.1921916667,43.0914166666,27.1281111111,40.4583333333,15.4014166667,27.3485,42.2824166667,21.808,34.3936666667,22.1271666667
809.58,17.3703,43.4489166667,27.5850185185,41.3425833333,15.5555833334,27.8589166666,42.9515,21.9560833333,34.6295,22.3726666666
809.88,18.7324083334,44.3160833333,28.3145462963,42.51875,16.19975,28.5830833333,44.3394166667,23.2493333333,35.74925,23.0626666667
810.19,17.954425,43.8369166667,27.2687777778,42.0381666667,14.844,27.3260833333,43.96875,22.07425,35.0840833334,21.4988333333
810.49,18.2127333333,44.4278333334,27.90775,42.699,14.4403333333,27.4379166667,44.4776666667,22.8730833333,35.7585,21.4924166667
810.80,17.9582416667,43.902,28.15575,41.8281666667,14.7045833333,27.42175,45.10675,22.7893333334,35.4695,21.5474166667
811.10,17.2266833333,43.65025,28.1852592593,41.2175,14.5958333333,26.7341666667,44.8353333333,22.268,34.59325,21.1201666667
811.41,16.4608166667,42.75725,27.2942962963,39.6079166667,14.522,25.8700833333,43.37025,20.9928333333,33.4190833333,19.9755
811.71,16.9959583333,42.7644166666,26.8838981481,38.9595833333,14.4709166667,25.4615,43.1511666667,21.2199166667,33.09625,19.6355833333
812.02,17.225675,42.7648333333,26.9507037037,37.9088333334,14.7999166667,25.549,42.6305,21.669,32.8453333333,19.4851666667
812.32,13.978675,39.88725,23.7078703704,34.0851666667,11.4035,22.25575,39.72425,18.6340833333,29.9375833333,16.1153333333
812.63,14.5492416667,39.5556666666,23.6885925926,33.5185,11.7531666667,22.9136666667,39.0495833333,19.0,30.1481666666,15.9999166666
812.93,15.3400833333,39.6745,24.6935648148,33.6735,12.9250833333,23.8460833333,39.5529166667,19.9585833333,30.8673333333,17.2740833333
813.24,15.0735416666,40.11275,25.4309351852,34.1531666667,13.66875,24.743,40.0759166667,20.64375,31.2651666667,17.9759166667
813.54,15.4835583333,39.6866666666,25.5965462963,33.9284166667,14.2613333333,24.5261666667,39.6015,20.95475,30.8430833333,18.6589166667
813.85,15.845575,40.0730833333,25.9299074074,34.2335833333,15.4988333333,24.69575,39.8780833333,20.9611666667,31.5450833333,19.3066666667
814.15,16.4736083333,40.4470833333,26.3876574074,34.5169166667,15.8331666666,24.5048333333,39.7946666667,21.3163333333,31.715,19.3358333333
814.46,17.0425833333,40.4965,26.3854537037,34.4326666667,16.1465833333,25.11825,40.02375,21.6548333333,32.5293333333,19.9526666667
814.76,17.9588916667,41.80925,27.9812222222,35.3304166667,16.7024166667,26.4621666666,41.2386666667,22.9434166667,33.92775,21.9805
815.07,17.5540083333,42.0624166667,28.0028333333,35.2158333333,16.4029166667,26.58275,41.1870833334,22.7338333333,34.2686666666,21.8346666667
815.37,18.6025916667,43.8165833334,30.1396481481,36.256,17.4034166667,27.9106666667,42.7899166667,23.599,35.36225,22.645
815.68,21.2835583333,46.3106666667,33.0476759259,38.72,20.30875,30.5515833333,45.0376666667,26.214,37.612,25.3654166666
815.98,20.744675,46.9229166667,33.1976018519,39.5955,20.055,30.0766666667,45.2585833333,25.9338333334,37.8951666666,25.7421666667
816.29,19.805,47.0255,32.5438333334,39.37875,19.0389166666,29.4556666666,44.6891666667,24.80725,37.548,24.8073333334
816.59,19.1568083333,46.2385,31.4157222222,38.655,17.3924166667,28.5074166667,44.001,23.5243333333,37.1553333333,24.0081666667
816.89,21.2940416667,47.6373333333,33.3176111111,40.7029166666,19.0056666667,30.3831666666,45.3220833333,25.1529166667,38.9398333333,25.6346666667
817.20,21.5281833333,47.4931666667,33.2722685185,40.79675,18.8874166667,30.9525,45.3180833333,25.80125,38.9423333333,25.4121666666
817.50,19.3381083333,45.9075833333,31.4853611111,39.41475,16.8725833334,29.20675,43.6100833333,24.4971666667,37.58575,23.29675
817.81,20.1058416667,46.8579166666,32.4112314815,40.09575,17.4975833333,29.8953333333,44.3305833333,25.0569166667,37.6480833334,23.3493333333
818.11,20.2243916666,45.8931666667,31.6206296296,39.9455,17.0698333333,28.7908333334,43.9760833333,24.5315833333,36.5795,22.2221666667
818.41,21.1065916667,46.1649166667,32.1853981481,40.3713333333,17.809,29.1514166667,44.3696666667,25.0103333333,36.7503333333,23.7555833333
818.72,20.6116166667,45.0289166667,30.8616018519,39.91325,17.0615833333,28.40075,43.8824166667,24.7976666667,35.9536666667,23.4681666667
819.02,19.3965,44.1465833333,29.83125,39.5331666667,15.8916666666,27.4070833333,43.29875,23.9789166667,34.9745,22.1918333333
819.33,19.800625,44.07925,29.9753888889,39.3444166667,16.1066666666,27.7420833333,43.3876666667,24.3001666667,34.9720833333,22.2825833333
819.63,20.5163666667,44.3589166667,30.0680462963,39.295,16.7379166667,27.6639166667,43.3618333333,24.5796666667,35.1210833334,22.963
819.93,21.1916,45.0226666666,30.2588055555,39.4254166667,17.6203333334,27.8015833334,43.3954166667,25.1371666667,35.15725,23.20575
820.24,20.5525666667,45.1808333333,29.8202592592,39.17325,17.3473333333,27.3005,43.2966666667,24.6748333334,35.0191666667,22.857
820.54,20.256125,45.0343333333,29.5496574074,39.0439166667,17.1619166667,26.6581666667,43.03625,23.945,34.9914166667,22.7475
820.85,20.709025,45.4414166667,29.7281666667,39.2788333334,17.546,26.9794166667,43.3959166667,23.9660833333,35.2170833333,23.2488333333
821.15,20.6983416667,45.3495,29.4933611111,39.4469166666,17.4906666667,26.795,43.22225,24.0354166667,35.2880833333,23.3454166667
821.45,20.5419333334,45.3483333333,29.4231481481,39.4135,17.5344166666,26.7981666666,43.0693333333,24.0555833334,35.4529166667,23.3270833334
821.76,20.6249083333,45.4549166667,29.3838518519,39.5353333333,17.6365,26.8486666667,43.10825,24.0849166667,35.6019166667,23.22925
822.06,20.8907916667,45.6155833334,29.5595648148,39.7973333334,17.9385833333,26.9274166667,43.0861666667,24.1413333333,35.85075,23.45
822.36,21.083775,45.9293333333,29.7262222222,39.9856666667,18.11625,26.9775,43.1463333333,24.1849166667,36.0586666667,23.62925
822.67,21.3390666666,46.1760833333,29.9675,40.1875833333,18.4501666667,27.0654166667,43.3464166667,24.265,36.3455833333,23.9809166666
822.97,21.5731416667,46.4354166667,30.1994074074,40.519,18.7906666667,27.2774166667,43.6689166666,24.5761666666,36.668,24.18825
823.27,21.5772833333,46.3615833333,30.3201481482,40.497,18.8260833333,27.3464166667,43.7268333333,24.5549166667,36.8355,24.30775
823.58,21.5106666667,46.2110833333,30.2102314815,40.4391666667,18.7004166666,27.2418333333,43.6954166667,24.4044166667,36.8925,24.2421666667
823.88,21.6279166667,46.4624166667,30.285712963,40.6088333333,18.7071666667,27.46675,43.9073333334,24.5685833333,36.9464166667,24.3189166667
824.18,22.0425,46.9604166667,30.7042314815,41.16775,19.0826666666,27.858,44.3999166667,25.06525,37.53825,24.74175
824.49,22.1659,47.2345833334,30.9812222222,41.2485833333,19.34225,28.0316666667,44.5496666667,25.0898333333,37.6191666667,24.9040833334
824.79,22.5193666667,47.7385,31.477712963,41.6633333333,19.8723333333,28.5078333333,44.9743333334,25.455,37.9789166667,25.33625
825.09,22.8922333333,48.0941666667,31.9107407407,42.00875,20.3826666667,28.8744166667,45.1765833334,25.9749166667,38.3259166667,25.8094166667
825.39,23.5330916667,48.8000833333,32.5096018519,42.5430833333,20.8748333333,29.5001666666,45.9025,26.6145,38.844,26.342
825.70,23.2884166667,48.3269166667,32.0654537037,42.07175,20.476,29.3216666667,45.6660833333,26.34275,38.56375,26.1198333333
826.00,22.8025416667,47.7315,31.4602962963,41.6666666667,19.9170833333,29.1601666667,45.0396666667,25.9563333333,37.7434166666,25.48675
826.30,22.7714666667,47.9525,31.5393981481,41.8748333333,19.7119166667,29.5288333333,45.1198333334,25.846,37.8881666667,25.4989166667
826.61,22.982775,48.02375,31.6286666667,42.3794166667,20.1819166667,29.7874166666,45.0638333333,25.927,38.1294166667,25.542
826.91,23.43125,48.3088333334,32.0135555555,42.87475,20.5894166667,30.232,45.1896666667,26.2344166667,38.06875,25.7161666667
827.21,23.7386833333,48.3765,32.2720925926,43.0525833333,20.9214166667,30.4425833333,45.42425,26.4915833333,38.2214166667,26.1485
827.51,23.5852166667,48.2920833333,32.1186018519,42.9038333333,20.79525,30.2940833334,45.3605,26.3223333333,38.0849166667,25.9908333333
827.82,23.3421833334,47.9445833333,31.7554814815,42.8438333333,20.455,30.15225,45.427,26.03225,38.21,25.6679166667
828.12,22.66715,47.1251666667,30.8935555556,42.2830833333,19.4970833334,29.3786666667,44.8176666666,25.2023333333,37.40625,24.9309166666
828.42,21.8700416667,46.42925,30.4466851852,41.9685833333,18.7965,28.9574166666,44.4903333333,24.4119166667,36.671,24.3113333333
828.72,20.7549,45.4105,29.5152314815,41.0436666667,17.7241666667,28.1720833333,43.4956666667,23.3824166667,35.614,23.388
829.02,21.2912916667,45.63775,30.1059722222,41.6540833333,18.1891666666,28.7659166666,43.9595833333,23.8379166667,35.8501666667,23.9808333333
829.33,21.8570833334,46.2071666666,30.8762962963,42.4348333333,18.494,29.0698333334,45.08575,24.5985,36.7801666667,24.5709166666
829.63,21.3594416667,45.0331666667,30.4531203704,41.6365,18.0479166666,28.11,44.4143333333,24.2525833333,36.1111666667,23.9355
829.93,20.5782416666,44.5659166667,29.949787037,40.7595,16.709,27.0769166667,44.3455,23.5503333334,35.351,23.2791666666
830.23,20.0038833334,43.87675,29.4148148148,40.0091666667,16.3261666666,26.151,44.2541666667,23.5081666666,35.0645,23.4160833333
830.54,19.18065,43.1185,28.6637962963,39.3594166667,15.6621666667,25.2286666667,43.765,22.8718333333,34.5564166667,22.58325
830.84,17.765425,41.0699166667,27.1433240741,37.54125,14.3416666666,23.9094166666,41.677,21.7489166667,32.7263333333,21.2241666667
831.14,16.8685833333,40.0000833333,26.5850648148,36.7806666667,13.8405,22.8985,40.6419166667,21.0559166667,31.5424166667,20.7349166667
831.44,17.7038333333,40.8669166666,27.1978055555,37.64825,14.5345,23.4930833333,41.3180833334,21.6275833333,32.6155,22.23225
831.74,17.5557916667,41.5970833333,26.9348703704,37.3355833334,14.5161666666,23.42675,41.4475833333,21.5451666666,32.6961666667,22.1028333333
832.04,18.3785833333,42.534,27.3661574074,38.0561666667,15.3374166667,23.9254166667,42.2793333333,22.0589166666,33.84225,22.90725
832.35,18.7215583333,42.8908333333,27.620287037,38.1689166667,15.9759166667,24.2041666667,42.0514166667,22.4903333333,34.2950833333,23.0674166667
832.65,18.6271333333,42.99075,26.9777962963,37.79375,15.5909166667,24.0815,41.50125,21.9464166667,33.8216666667,22.6084166667
832.95,18.2481916667,42.2595833334,26.2950925926,37.3360833333,14.989,23.6111666666,40.69125,21.2235833333,32.834,21.9256666667
833.25,17.9939166667,42.0195,26.1095462963,37.0663333333,14.62375,23.861,40.2190833333,21.2375,32.4808333333,22.0678333334
833.55,18.0857,42.4114166667,26.0607314815,37.4326666667,14.5815,24.3901666667,40.0213333333,21.0850833333,32.7374166666,22.01425
833.85,18.2879,42.5735833334,26.4496296296,37.5240833333,14.846,24.7458333333,40.0248333334,21.0771666667,33.0585,22.13525
834.16,19.1593583333,43.2730833334,27.3166851852,38.4203333334,15.6493333334,25.6828333333,40.8366666667,21.70675,33.9156666667,22.98525
834.46,19.3569,43.8596666667,27.5716666667,38.7651666667,15.8839166667,26.1943333333,41.2751666667,21.9905,34.2916666667,23.27925
834.76,19.3002083333,44.0103333333,27.5965277778,38.5621666667,16.043,26.3294166666,41.15275,22.0943333333,34.3063333333,22.944
835.06,19.9649,44.86075,28.1357962963,39.4775833333,16.5879166667,27.4118333333,41.6955,22.5595833333,35.3144166667,23.5860833333
835.36,19.04955,44.67675,28.0340277777,39.3076666667,16.23,27.3974166667,41.5365833333,22.0819166667,35.0643333333,23.1159166667
835.66,17.6309583333,43.7891666667,27.3812870371,38.3021666667,15.39175,27.0895,40.7618333333,20.9445,34.2794166667,22.0960833334
835.96,17.7592833333,43.68225,28.1598240741,38.4728333333,16.405,27.74875,40.9423333333,21.22175,34.5025833333,22.4606666667
836.26,18.24605,45.2201666667,29.2932592593,40.1055,17.66275,29.3198333333,42.3658333333,22.2031666667,35.958,23.7739166666
836.57,18.848375,45.75525,30.3949166666,41.05275,19.3404166667,30.1393333333,43.0711666667,22.6176666667,37.2241666667,24.2196666667
836.87,18.9575166667,45.16775,30.9507314815,40.5369166667,20.0335833333,29.8993333333,43.1206666667,22.71825,37.0021666666,24.2058333333
837.17,18.8649416667,44.58975,30.960212963,39.5215,20.0494166667,30.1155833333,42.4446666667,22.8900833333,36.3743333334,24.3164166666
837.47,17.6919916667,44.8929166667,31.3885740741,38.7016666667,20.0366666666,29.8851666667,42.5940833333,22.2833333333,36.1808333333,23.4065
837.77,17.4730416667,44.7705,31.8608796296,38.4495,19.7279166667,29.9178333333,42.2051666667,22.1513333333,36.2669166666,23.3134166667
838.07,17.5519,44.97025,32.4751296296,39.3600833333,19.7619166667,30.5654166667,43.1400833333,22.4404166667,36.5178333333,23.4225833333
838.37,16.0296166666,42.9405833333,32.0276481481,37.6199166667,18.4501666666,28.9268333333,42.19125,21.388,34.08275,22.1073333333
838.67,17.5548583333,42.6025833333,32.3034537037,37.32925,18.8650833333,29.1593333333,42.2015,21.76175,33.6005,22.7270833333
838.97,18.9411416667,43.84775,32.6313981481,38.6581666667,19.8706666667,29.3021666667,44.0735,22.8039166667,33.7545,24.2028333333
839.27,19.6927166666,45.0120833333,32.7368703703,39.6745,20.42275,29.486,44.8905833333,23.9204166666,34.5346666667,25.3801666667
839.57,19.333025,44.7628333333,31.6679537037,38.5089166667,19.347,27.8649166667,44.1620833333,23.7060833334,33.395,24.2761666666
839.87,16.9726,43.7055833333,28.7558703703,36.8285,16.5534166667,25.5015,43.139,21.8606666667,30.712,22.4435
840.17,16.5814916667,43.4328333333,27.6511481481,35.74175,15.4785,25.8991666667,42.2286666666,21.1303333333,28.8213333333,21.596
840.47,16.04415,43.5258333334,26.3963703703,37.002,15.3385833333,24.8838333333,41.9655833333,20.85,27.8054166667,21.9455833333
840.77,16.0466583333,42.2244166667,24.4767685185,36.9914166667,15.4363333333,24.7048333333,40.748,20.4231666667,27.4605833333,23.1955
841.07,17.6598166667,43.23225,24.9076481481,38.0953333333,17.12325,25.8805833333,41.6505,21.1349166667,27.7233333333,25.1958333333
841.37,17.7926083333,44.3876666667,25.2682407408,38.26525,17.5,26.1565833333,41.8539166667,20.4591666667,27.07475,25.9694166666
841.67,19.4968916667,44.8093333333,24.966712963,39.4773333333,18.3968333333,27.0305,41.8255833333,20.7980833334,28.16025,27.1010833334
841.97,19.6519416667,45.6348333334,25.0380185185,40.2595833333,18.5425833333,27.79575,41.306,21.19425,28.5895833333,27.9401666667
842.27,21.2253833333,47.2158333333,25.9764814815,41.68575,18.5041666667,29.678,41.5150833333,21.553,29.45075,28.9394166667
842.57,19.912775,44.8808333333,24.3056111111,39.8810833333,15.9720833333,28.5516666667,40.03975,19.2460833334,27.83725,27.7775833334
842.87,19.2639083333,44.1686666666,24.0624814815,39.7023333333,15.9016666667,29.3424166667,39.6816666667,17.742,27.833,28.1224166667
843.17,21.6939083334,45.85425,27.2147685185,41.4571666667,18.2579166667,32.768,42.232,19.20025,29.7948333333,30.2765
843.47,22.2576333333,46.3315833333,27.6343240741,44.0445,19.0216666666,33.22025,43.2745,19.7236666667,31.7708333333,32.201
843.77,21.9845666667,46.3390833333,27.9705185185,43.97875,17.9191666666,34.1040833333,44.3640833333,18.9065833333,32.8516666667,31.0934166667
844.07,20.92855,45.9104166667,27.8119907408,44.88175,15.6378333334,32.9475833333,44.3930833333,17.9525,31.7644166667,28.9865833333
844.37,20.8495666666,47.4109166667,28.9943703704,46.2514166667,15.6419166667,34.6008333333,45.3613333333,19.14775,32.713,28.2361666666
844.67,19.5678,44.8588333333,27.1970277778,45.1976666667,14.9718333333,33.7005,43.983,18.6159166667,32.3164166667,25.3108333333
844.97,16.2335916667,43.9963333334,26.3673333334,43.4885833333,12.1565,31.0335833333,43.429,16.2485,29.8984166667,21.9533333333
845.27,13.007125,41.1175833333,23.2880092592,40.2131666667,9.94849999999,27.1318333333,41.60225,12.7261666667,27.4548333333,18.0878333333
845.57,10.1266666667,39.0666666667,21.362962963,38.2333333334,9.59999999999,23.8666666667,39.9333333333,11.0,27.0,16.0333333333
845.87,8.85363333332,38.0763333333,20.82425,38.2080833333,10.7049166667,22.859,37.2858333333,10.21075,26.74575,14.59175
846.17,9.42115,35.8768333333,20.627037037,38.3198333333,10.5085833333,21.9545,36.9143333333,10.8434166667,25.83675,14.6921666667
846.47,1.90440833332,28.2623333333,13.2703240741,32.6240833333,3.19141666667,15.0355,29.39725,3.01408333332,19.64525,8.82991666665
846.77,0.697291666665,27.11025,13.7259537037,31.3306666667,3.00425,13.5550833333,30.4721666667,2.53941666668,19.957,9.08433333334
847.07,2.85056666666,26.11125,15.1968333333,30.3125833333,5.72924999999,14.40975,30.7986666667,4.23625,20.0694166666,11.736
847.37,7.44144166667,27.3763333333,17.8529722222,30.1758333333,9.92850000001,18.1640833333,31.1848333333,7.84508333334,22.6236666666,15.1693333333
847.67,5.86310833334,24.8009166667,16.5855925926,28.5524166667,8.99741666668,15.1726666667,29.6149166667,5.94275,22.2775833333,14.3094166666
847.97,9.15132499999,26.4815,18.8786574074,29.5678333333,10.216,17.5,30.61725,8.64208333332,24.2594166667,17.56175
848.26,7.95045833334,25.463,15.6586203704,28.1173333334,9.81483333334,17.37675,28.0556666667,8.33333333332,24.4445,18.0555
848.56,5.70958333332,23.6059166667,13.4206203704,28.2635833333,7.47783333334,16.5715833333,27.408,7.88975000001,23.0036666667,16.4130833333
848.86,3.08169166666,20.621,10.7663055555,26.2745,4.99991666667,14.70575,25.78425,5.65358333334,20.3593333334,14.8365
849.16,2.88385000001,22.0263333333,9.42068518519,25.72625,3.80375,14.7649166667,27.5243333334,5.53258333333,18.9140833333,14.3499166667
849.46,2.33604166667,23.2596666667,9.1847962963,24.8328333333,2.87816666667,13.95575,25.8366666667,4.41775,19.2101666667,12.9183333333
849.76,9.09675833332,31.5840833333,15.5994259259,29.9299166667,9.44650000002,19.59275,31.8068333333,12.1818333333,25.986,18.7341666667
850.06,10.631325,32.7736666667,15.6129259259,30.0995,10.6653333333,21.29975,31.0013333333,13.2151666667,26.0571666666,19.1231666667
850.36,3.72878333333,29.2379166666,9.13253703702,27.2791666666,2.8845,16.09675,26.6025833333,6.73083333334,20.9046666667,12.6780833333
850.65,0.355500000001,28.1595,6.40249074074,26.18475,-2.05374999999,14.6524166667,26.0268333333,3.12008333333,18.4438333333,9.59708333335
850.95,2.43989166667,26.9144166667,7.53669444444,25.3378333334,-1.12624999999,17.117,25.0750833333,4.16658333334,19.6696666667,10.9985
851.25,-1.2229,25.9948333334,4.57435185185,25.2073333334,-2.81916666668,15.8374166667,24.6268333333,2.03141666667,16.9983333334,8.54066666667
851.55,1.97306666668,28.3905833333,9.21376851852,27.81875,1.22558333334,18.7091666666,29.861,4.61591666666,18.0555,11.2336666667
851.85,7.48800833333,31.4593333333,13.9730833333,31.26,6.22016666667,22.8868333334,34.2105,9.56933333335,22.0095,15.8691666667
852.15,16.301875,39.2856666667,22.7968055556,37.98375,15.4389166667,31.9568333334,41.8526666667,19.9033333333,30.4316666667,21.875
852.45,15.4331166667,37.0779166667,21.3493518518,34.61825,14.5375,31.3508333334,39.317,18.1351666667,29.1483333333,20.70475
852.74,17.0320333333,38.5964166667,22.1816111111,34.7221666666,15.6431666667,34.1738333333,41.6665833333,19.40775,29.3494166667,22.22225
853.04,12.901325,33.98325,19.2619074074,33.5245833333,11.4296666667,29.8545833333,38.6085833333,15.7873333334,25.6498333333,16.4755833333
853.34,13.7647166667,34.3909166666,19.4679722222,35.3214166667,10.40625,31.6836666667,41.75125,15.6090833333,27.7074166667,16.3705
853.64,19.4652083333,39.0309166667,24.8536018519,38.91475,16.3565833333,35.62025,43.6435,20.6976666667,32.2480833333,20.2326666667
853.94,15.322325,37.7358333333,21.6763796296,37.0676666667,15.684,32.5865833333,40.2909166667,17.964,29.4024166667,17.61
854.23,11.9458416667,37.5809166667,18.7791944444,35.3965,13.5921666667,29.7331666667,39.7654166667,15.9790833333,26.3754166667,12.82375
854.53,10.0774,33.83725,15.7493148148,30.65875,9.96133333334,26.2015,36.0463333333,12.71325,24.1859166667,10.155
854.83,13.019925,36.8501666666,18.5229351852,33.8685,12.61475,29.7016666666,37.1941666667,15.6345833333,27.714,11.9265833333
855.13,10.2083583334,36.9889166667,18.4312314815,33.2155,10.9668333333,29.4418333333,35.2201666667,13.5220833333,26.3758333333,9.27683333334
855.43,1.41993333334,28.18875,11.5315555555,26.1905,2.25333333336,21.0885,26.74325,3.86908333332,16.9645,1.27541666666
855.72,-3.72743333334,23.279,8.5698888889,24.2301666667,-3.12483333335,14.855,23.4601666667,-0.905833333343,13.5416666667,-2.21933333333
856.02,-11.5848,19.2229166667,2.38582407409,19.5806666667,-10.17375,8.02666666666,19.17175,-5.31691666668,7.61741666667,-9.30466666666
856.32,-2.59312499999,25.68625,5.66450925926,23.0883333333,-0.539333333325,15.8333333333,25.245,0.098,12.794,1.27441666667
856.62,-4.42238333333,27.2728333333,7.10751851852,21.0226666667,-1.13633333335,14.82,25.1894166667,0.89958333335,11.4110833333,1.23116666667
856.91,-11.8314,27.0576666667,2.93211111112,18.77575,-6.68725000002,11.1625833333,23.1479166667,-3.13808333333,7.09883333334,-1.90333333333
857.21,-15.279775,28.4381666667,1.89702777778,18.2400833333,-12.1795833333,9.67366666668,24.65025,-3.96283333332,5.76933333334,-4.1375
857.51,-17.080525,28.0885833333,-0.867620370374,16.49175,-12.7621666667,9.73208333334,22.0863333333,-6.93475000002,5.47775,-3.49658333333
857.81,-23.2821666667,29.6795833333,-4.15948148147,13.141,-16.5384166667,7.62808333333,19.423,-11.79475,4.67950000001,-5.89750000001
858.10,-37.356425,18.511,-18.3058703704,-0.0681666666675,-30.4644166667,-8.40149999999,7.71858333332,-26.7759166667,-4.78141666668,-18.0325833333
858.40,-33.7896333333,22.09,-19.2680092593,-1.25658333334,-30.62175,-10.5159166667,7.34125,-28.70375,-4.10058333333,-14.08725
858.70,-22.199175,28.6459166667,-10.6033796296,6.01858333334,-21.412,-2.37274999998,13.77325,-19.7338333333,6.30775,-3.81933333334
858.99,-15.057225,34.9886666667,-6.57027777777,10.8448333333,-14.726,3.71016666666,19.92025,-14.3264166666,11.13025,2.68249999999
859.29,-8.95581666666,34.6193333333,-1.65749074074,14.3004166667,-8.1275,6.89291666667,21.142,-10.9055,13.3230833333,7.25308333332
859.59,-14.1554,35.2348333333,-0.913500000008,13.982,-13.1990833333,2.85233333333,21.3646666667,-13.9820833333,10.9619166667,2.68441666667
859.89,-16.2793,35.2113333333,-3.29284259261,16.5493333333,-14.9648333333,2.40616666667,19.953,-17.7815,8.39191666668,2.58208333334
860.18,-11.7848583333,31.1829166667,-2.51492592593,16.5055833333,-11.6129166667,4.56983333332,22.3118333333,-14.4623333333,9.13974999998,4.67749999999
860.48,-9.53545,29.6935,-1.2557962963,17.4329166667,-7.90233333333,5.41208333334,22.6533333333,-13.1705,10.6799166667,5.89083333334
860.78,-10.1346416667,28.5429166667,-2.57262962964,16.2175,-11.6766666667,1.44708333334,21.4571666666,-13.32325,7.33525,3.94225000001
861.07,-5.37529166668,33.5283333333,4.28310185185,23.3919166667,-6.23783333333,5.312,27.9239166667,-8.04083333333,10.9649166667,9.01550000001
861.37,6.37968333334,43.4723333334,17.2531759259,34.9999166667,5.41683333334,19.2130833333,40.6943333334,4.35191666667,20.9721666667,21.0185833333
861.67,2.72471666666,39.6536666666,16.5314351852,33.0055833334,4.16666666666,17.9775833334,39.13875,2.48116666667,19.7565833333,19.9905833333
861.96,2.680425,41.3655,15.8355092593,34.0864166667,5.22099999999,18.9255,41.96775,2.30908333334,20.8333333333,20.281
862.26,6.12999166667,42.9848333333,20.1088611111,37.2880833334,9.93408333333,23.1639166666,44.7740833333,8.38041666666,25.5649166667,21.13925
862.56,8.20435,44.52125,22.2836111111,40.10125,10.7734166667,24.1713333333,46.8233333333,10.5434166667,28.3610833333,22.4216666667
862.85,9.05363333335,39.6985833333,17.8113981482,36.3484166667,11.3483333333,24.1625833333,43.3835833333,11.5158333333,28.1825,21.8174166667
863.15,6.516325,32.0325833333,12.8905462963,30.244,7.39841666667,18.57725,38.7805833333,9.79675,23.7399166667,15.4876666667
863.45,10.11115,32.9365,16.1816574074,29.1665833334,11.508,20.35725,39.3253333333,10.9128333333,25.9920833333,17.4605
863.74,10.2804,31.3530833333,16.002,27.3103333334,9.36466666666,21.4934166667,38.9026666667,10.6021666667,24.7938333333,17.6980833333
864.04,16.7961,35.5178333333,21.0850648148,31.068,13.6730833333,27.1844166667,44.7006666667,15.5743333333,28.7216666667,23.1796666667
864.33,19.1101166667,34.6531666667,21.1413148148,30.4675,14.2533333333,28.469,43.8535833334,17.5716666667,27.0738333333,23.9818333334
864.63,15.9804333333,31.3951666667,16.5375833333,26.8215833333,10.1163333333,25.0386666667,40.6976666667,16.124,22.6743333333,19.6511666667
864.93,19.23635,31.7914166667,18.9385277778,28.7444166667,11.9310833334,27.1291666667,42.8413333334,19.4935,25.3304166667,21.1455
865.22,14.6320583333,27.7028333333,15.6490462963,24.99975,6.38149999999,23.2730833334,40.16525,15.0901666667,19.8573333333,17.53
865.52,6.82354166666,21.9403333334,10.4134166667,18.2366666667,-2.13341666666,17.4315,33.25275,7.64874999998,13.2045833333,12.2785833333
865.81,4.47408333333,20.1051666667,9.51983333332,15.1295,-1.61799999998,16.4239166667,30.6633333333,5.09708333334,10.72,12.62125
866.11,-0.882633333333,15.86025,5.62026851852,11.6040833333,-7.16841666667,10.3941666667,25.448,-1.74716666667,2.77775,6.58600000001
866.41,-5.97469166666,14.548,3.33226851853,7.81541666668,-13.0884166667,7.15625,21.469,-9.32208333332,1.03566666667,4.4255
866.70,-5.23944166666,18.4865833333,4.19325925927,11.8293333333,-14.22425,7.85433333333,23.4673333333,-8.18958333332,2.68183333333,5.45975
867.00,0.088408333335,23.09125,9.02120370371,16.66675,-7.49525000001,10.4284166667,26.86225,-3.58475000003,9.68341666666,7.91433333332
867.29,-1.44150833333,23.75475,9.59983333332,17.0019166667,-3.25675000001,10.0575833333,25.09575,-3.92725000001,11.3505,8.3335
867.59,-1.90905833333,24.22475,8.23640740741,15.1645833333,-2.42250000001,9.35075,23.3041666667,-3.77899999997,13.61425,9.30233333335
867.88,-5.02928333333,22.3685,8.30607407407,12.9141666667,-3.65474999999,5.70175,18.3235,-6.82266666667,11.5985,9.74650000001
868.18,-6.32291666667,25.0,8.07870370369,12.9166666667,-3.85416666666,5.67708333333,16.5104166667,-8.17708333332,10.4166666667,8.125
868.48,-10.6838416667,22.5960833333,5.05102777778,12.2329166667,-5.87608333333,3.95283333333,11.7519166667,-9.34833333333,7.53208333332,4.27366666667
868.77,-5.75278333334,27.41925,6.7863611111,17.3656666667,-2.09683333332,7.79583333334,14.0323333333,-4.94616666667,10.4838333333,6.29041666668
869.07,-4.80908333333,32.2519166667,6.19874074074,22.1374166667,-3.11691666667,12.9134166667,20.1654166667,-2.7355,15.2670833333,4.07116666666
869.36,0.680241666668,38.2964166667,13.2489814815,26.8383333334,3.61524999999,21.3848333333,28.4313333333,5.02450000002,26.2254166667,14.09325
869.66,9.96364999998,47.9469166666,22.7389537037,38.4660833333,17.6329166667,31.4614166667,40.1571666667,16.4251666667,37.6811666667,22.7656666667
869.95,3.84666666668,46.4666666666,18.8962962963,37.8,16.1333333334,30.8,38.3333333333,14.6666666667,37.7333333334,19.2666666667
870.25,-0.946666666666,44.1333333334,17.237037037,37.8666666667,14.6666666667,29.3333333333,37.6666666667,13.6666666667,34.0,19.6
870.54,-8.78666666666,38.2,15.6592592593,33.4,7.06666666668,24.0666666667,32.6,9.53333333333,28.0666666667,11.4
870.84,-20.5578666667,29.7101666667,10.7408888889,29.49275,-1.81158333333,18.18825,26.6666666667,-1.59425,19.9999166667,-0.724583333325
871.13,-26.9047166667,25.0745,4.4807962963,23.2141666667,-8.77983333334,12.8718333333,24.7766666667,-7.36599999999,15.40175,-10.26775
871.43,-42.5001083333,8.25400000001,-10.9523518519,10.07925,-21.7460833333,-1.26991666666,16.0316666667,-19.0475,2.53958333334,-23.65075
871.72,-27.5459916667,15.3670833333,-1.65646296296,16.4373333333,-13.0734166667,6.80425000002,25.8409166667,-9.48016666667,16.36075,-14.8319166667
872.02,-26.4865,14.865,1.10089814815,18.0180833333,-7.733,10.2100833333,32.1320833333,-7.88266666665,21.3214166667,-9.75974999999
872.31,-23.024125,19.8253333333,4.31590740741,18.6156666667,-5.24183333333,10.3494166667,31.3843333333,-5.64508333333,20.7660833333,-4.77133333334
872.61,-18.63865,20.0381666667,7.29427777778,17.3029166667,-4.58016666667,11.64125,31.234,-4.19858333333,20.9286666667,-4.00758333334
872.90,-16.336975,17.7084166667,5.10534259259,14.1204166667,-6.25,9.89574999999,29.1665833333,-3.76158333332,15.8565,-2.315
873.20,-15.02245,18.52475,7.8703148148,14.358,-7.60141666667,9.79725,28.3220833333,-4.39183333332,15.3153333333,-2.02683333332
873.49,-14.9248166667,18.17125,7.48452777779,14.64125,-8.15983333333,9.433,29.8610833333,-6.30799999998,14.06275,-7.00224999999
873.79,-7.31900000001,23.9035833333,10.3923888889,22.3136666667,-2.19300000001,13.2128333333,35.4166666667,-1.80916666665,19.84625,-0.603166666683
874.08,-7.25656666667,22.8895,9.19904629629,23.106,-1.13633333333,12.87875,34.4155,0.21658333334,19.6968333333,0.378750000001
874.37,-7.4684,19.3039166667,6.08297222223,20.464,-2.74266666667,10.2319166667,32.5948333333,-2.84808333332,17.2469166667,-0.47458333334
874.67,5.10779166666,29.2135,14.8875,27.5281666667,6.97574999999,17.93075,38.3895833334,7.53733333334,24.1573333333,8.98883333333
874.96,-31.4166666667,6.66666666666,-9.44444444445,35.0,-13.3333333333,-3.33333333333,38.3333333333,-32.5,-10.8333333333,-64.1666666668
875.26,29.2063916667,61.508,44.7090462963,63.09525,39.2855833333,33.3334166667,52.3808333333,36.508,49.2063333333,30.9525
875.55,-63.6109916667,-30.5554166666,-43.7499907408,-12.5,-34.02775,-24.3056666666,-28.4721666667,-40.9723333333,-28.4721666667,-44.4444166667
875.85,-41.8519416667,-22.6851666667,-37.1399351852,-30.5555833333,-46.75925,-38.4259166667,-6.48141666666,-45.3703333334,-29.16675,-35.648
876.14,33.5057333333,39.0804166667,25.6066111111,27.0113333333,24.7126666667,22.1264166667,43.6781666667,32.1838333334,26.43675,24.7126666667
